4.137603253217037036e+00
2.415600451615000566e+01
-2.420573480002803990e+01
6.530556067166912726e-01
-3.121886316855807308e+00
-1.937476704382163462e+01
-5.199097479228458951e+01
-3.628523466318995361e+00
-9.544550073639766197e+01
-1.929450130147544940e+01
6.770969925568786607e+01
7.172664470151283922e+01
-5.129342998704942147e-01
5.230215123446967596e+01
4.383617475317876711e+01
-1.044158224511782578e+02
3.588348268346027226e+01
3.249445441121082467e+01
2.751992746887196972e+00
1.679559807172805108e+01
1.518805283113388782e+01
2.211925813791700079e+01
4.204093430881090399e+01
4.731378697639823372e+01
4.220177323713616602e+01
8.881413415510223786e+00
4.701152376433182667e+01
1.273328980783233533e+01
8.180395914289661619e+01
-8.466501074289499229e+01
-3.726911723470564652e+00
3.430372321040242412e+01
-1.618352129137164752e+00
3.828126999643835404e+01
7.360422207636104019e+01
6.855779150806398548e+01
6.347009735431004174e+01
1.672479300942217151e+01
6.005255005805810242e+01
7.094793784681701254e+01
1.294692484346155652e+02
1.323467857069838374e+02
1.423073416742724362e+02
1.049065491470709048e+02
1.617384463407539670e+02
1.184554590714483879e+02
1.673867394260815900e+02
-3.966011517052794488e+01
3.538948998592053385e+01
-3.699188250333230599e+01
3.202387646899006768e+01
2.599062608902494276e+01
-9.731927673856716865e+00
-1.137980232613824683e+01
-7.888143216417233816e-01
-6.015408850699503773e+01
-5.053536279466476344e+01
-8.770287430588211919e+00
-5.908289062643274292e+01
2.463142219568459268e+01
-6.844477557958180114e+01
-9.137308429769092299e+01
-7.250451505531924568e+01
-3.174097609904401907e+01
-4.664362441913840485e+01
-4.482397045387324397e+01
-1.053233524964122410e+02
-7.767204334207167449e+01
-3.211829659969782824e+01
-7.028045082793590836e+01
-9.123998681307392644e+01
-2.614854401928664629e+01
-5.205244609830512559e+01
2.522822676435657741e+01
-6.123214584159998708e+01
-6.732203561086453192e+01
-7.534669102828326004e+01
-2.519636706810757687e+01
8.179702293130341673e+01
3.139706333255929849e+01
9.499281610676302989e+01
2.347559547032392402e+01
3.282788786068360309e+01
5.198484535924319516e+01
6.170896791918050894e+01
-2.880303255342482771e+01
6.322142567614721997e+01
1.831766575348052584e+01
1.277150128790567862e+01
4.549597769767262889e+01
3.768491188725306529e+01
1.754579399748834589e+01
8.629939844893237932e+01
5.469190874916776579e+01
5.386297323429658945e+01
5.107583330954832945e+01
1.899740333513173596e+01
6.840587723019137911e+01
4.996923574238600452e+01
5.895634981874449920e+01
-2.584519487146808103e+01
7.800689905438980531e+01
3.897356390211758281e+01
4.135739899734731750e+01
6.752332301102995871e+01
-1.464192155487067737e+01
2.044868000546041031e+01
4.090150866212900382e+01
4.130402008585753038e+01
5.171133439705404555e+01
1.739482280240063972e+01
1.967943872200304440e+02
1.321170016256930779e+01
-3.184052429677831242e+01
2.304173317807465082e+01
3.723032946080064676e+01
3.238567195826655620e+01
-4.230499928801118870e+01
1.277128978439239049e+01
1.676508057268621599e+01
2.266542640937903741e+01
1.787805231941388939e+01
4.580240977744929332e+00
2.252966822209600650e+01
-3.842742750321460932e+01
1.542648358104386119e+01
-4.886516649734730322e+01
-1.076711550328496969e+01
-3.041913815417660771e+01
-4.892789570551457246e+00
2.234452362597738784e+01
7.588204106191773235e+01
5.316611883608277367e+01
3.753406666715795836e+01
-2.486629429147112091e+01
6.743830143533844534e+01
3.904862412004865746e+01
2.423086700041417885e+01
-3.137076619555347179e+01
2.968057370332365963e+01
4.767886272564729211e+01
1.343508554122107057e+01
1.880011009613230044e+01
9.582014013985548218e+01
3.620228019552558862e+01
5.526624409734824894e+01
6.256666015314849005e+01
5.339715776063698627e+01
7.619651148856675604e+01
6.743149160186956692e+01
5.713390098805311368e+01
4.794503400350802735e+01
6.302967329492724957e+01
5.010049324306567087e+01
9.217297027287432343e+01
5.723844329409118359e+01
7.321230935639516701e+01
7.579860608186834270e+01
5.594069016794989579e+01
5.156232285823037387e+01
5.488702424820201031e+01
-8.937380306041383449e+00
8.272879037967817339e+01
6.272639722564335329e+01
6.774918709513875115e+01
5.669907024695535824e+01
5.244237300039659999e+01
6.290731895247967032e+01
4.086147356682270981e+01
5.402199200534874990e+01
5.942035262819993591e+01
4.487912110066760363e+01
4.322483830085762690e+01
1.477844456328885769e+02
1.087966470278283424e+02
5.448678845659324566e+01
4.670561328423005421e+01
5.157584722022426149e+01
-6.246788664035889838e+00
3.115224043922944475e+01
2.922792719620739277e+01
6.475686989970813556e+01
7.480886961350608999e+01
2.897497172352763073e+01
2.263100430504514549e+01
4.570785471783955956e+01
6.368457361073107847e+01
-6.110638894201866123e+00
1.340746741134176467e+01
-3.149349643012251931e+01
-1.801197373477114638e+01
-3.055552842277934644e+01
-2.345338656700418056e+01
-3.690875196235111844e+01
-8.649229128362065921e+00
-5.931778859086975331e+00
2.657540465738479796e+01
1.578507633508771768e+01
-2.021856683120588372e+01
-7.486729835799835087e+01
-7.003334870839736936e+01
-7.018077772605489884e+01
-1.114354492017469482e+02
-8.064480544679184959e+01
-7.203820560543023532e+01
-5.936618339355206331e+01
-7.875046362573684178e+01
-7.809291821053483318e+01
-5.375998702557258468e+01
-9.022671520964878766e+01
-8.716863527431897296e+01
-9.762116291367573240e+01
-4.853478171071195391e+01
-1.552873111918765971e+02
-1.270792458051587630e+02
-5.766123783041604156e+01
-3.814920486239643083e+01
-2.059675294551176705e+01
-5.475187523544911983e+01
-4.777621993427044345e+01
-5.636616176649945942e+01
-8.306659431336009902e+01
-5.996299413551238899e+01
-6.027992198471197582e+01
-5.191537182030680242e+01
-2.462534994727246840e+01
-4.435947998278965088e+01
-5.838538368403848722e+01
-3.949320064296651367e+01
-3.336626887495388871e+01
-4.862265265234807998e+01
-4.307665101388909079e+01
-6.319986884030663532e+01
-7.831025207110604924e+01
-4.752215407137370562e+01
-1.318115298101466237e+01
-6.482293625988518215e+00
8.153710793411065083e+00
1.564566787237440337e+01
-2.260546995493136535e+01
-2.723976163814553786e+01
-2.614558730910084705e+01
-1.378853520690778396e+02
-5.328044945053123627e+01
-3.030491590693426929e+01
-3.587987155343785162e+01
-1.043346238052698425e+02
-4.314685192003079806e+01
-4.206543434016575134e+01
-2.501942032949625627e+01
3.922641385015663218e+01
-9.121186305139275419e+00
1.106107491875607707e+01
-3.824129121424110167e+01
-2.743618559015357050e+01
-2.780080907733909612e+01
-2.989232357015255559e+01
-6.256774052604100689e+00
-3.048799904653705539e+01
-3.198986715327737329e+01
-3.346910995072721562e+01
-1.096012183853997612e+01
-6.433207684532590065e+00
-3.161658572186240690e+00
-2.205735532022904977e+01
-3.769034660410085280e+00
3.042130367810557345e+00
-1.269130722087260210e+01
-5.467292464052370349e+01
-5.936858896363767713e+01
-4.916531995870886362e+01
-5.217894889475869036e+01
-5.957261202053001625e+01
-6.823300505140963423e-01
-4.335400179926440956e+01
-3.213852283970878432e+01
-4.598913184786916020e+01
-7.829386827106799274e+01
-7.019091040611070298e+01
-4.615836765370831074e+01
-7.934082345143335147e+01
-5.798943118301291832e+01
-7.740953759680077439e+01
-7.175399521258076163e+01
-9.251806359938356650e+01
-5.970526691321579449e+01
-1.514989549820492130e+02
-1.182560494900956769e+02
-1.194854825382818433e+02
-9.556880903278960204e+01
-7.039161272080698950e+01
-1.075382753336409110e+02
-7.256523397864752667e+01
-5.688861250766714761e+01
-7.353063455443565033e+01
-1.154389374338406213e+02
-7.835461332065619899e+00
-3.428492460964442046e+01
-6.402998568716427030e+00
-3.827192219247746152e+01
7.263316916044990990e+01
6.868329043000305489e+01
1.658947588315447774e+02
1.397421003594917295e+02
1.828435012872773768e+02
1.170889164278893588e+02
-5.160293419315152619e+00
-5.578626059891547584e+01
-2.703541755177157313e+01
-2.461295558984372178e+01
-4.237085705878382669e+01
-8.532560729347963502e+01
-1.938933234419064888e+01
-1.631182458332114038e+01
2.618664495122555991e+01
-2.280797909030073356e+01
1.906251929078194962e+00
8.744842186193608313e+00
1.191090098378509765e+01
3.120646861707098196e+01
2.376643839039104478e+01
-3.838068836297736652e+00
-2.906652138513436512e+00
-4.125321193820866483e+00
6.172209512569565959e+00
1.913163118934272688e+01
1.691758714200767599e+01
-1.936618593412674727e+00
-5.560991967040507689e+00
-2.301727448312141178e+01
9.239160013709010855e+00
-2.224826644913605378e+00
-3.026377212822978890e+00
-2.613375235438650179e+01
-2.196411685137866243e+01
-3.149989870293578065e+01
-2.851957276389427420e+01
7.172799469126431404e+00
-2.406585255517694577e+01
-5.979847327129152745e+01
-5.674399388173549141e+01
-2.591394554074867074e+00
-4.428041637764283678e+01
-4.570029879222221325e+01
-6.979282918497432320e+01
-2.845188766650299783e+01
-3.324894454961948043e+01
-1.328645169081359256e+01
-3.021158871094684173e+01
-1.427587329716104136e+01
-6.263724332120375493e+00
-1.005768615963944512e+00
3.854508665238483900e+00
1.363204831173931666e+02
-7.150919736001888793e+01
1.378564196261953612e+01
7.830478386610252528e+00
3.797726260249191910e+01
-2.723982939030054240e+01
3.110373687598462311e+01
4.863082983376622792e+01
6.152693708243148762e+01
8.558242496715632797e+01
6.099043938953661836e+01
5.855236386003232951e+01
3.315489189009386450e+01
1.241274816659284852e+00
2.812589257351345395e+01
5.879723262854372479e+01
8.464671435066540539e+01
5.010645237422730247e+01
6.211430260659562919e+01
8.701791040842712732e+01
6.589050112879489518e+01
8.803216649741855804e+01
9.657414406261898421e+01
6.033546277384778023e+01
5.238024398479342381e+01
7.302089727396455032e+01
9.837231076700899735e+01
7.955949469381990014e+01
7.472838254221095156e+01
6.067630868342659767e+01
4.399419339237296356e+01
7.388076295852761177e+01
8.148481694111087847e+01
5.301587269520273793e+01
6.804427466215393849e+01
7.312881313999420740e+01
6.582752536068903737e+01
2.203218689490027060e+01
2.466248040624051896e+01
2.236813965780145708e+01
2.796546717228957846e+01
4.485750406345957231e+01
-6.274626089071659862e+00
9.834327687987618916e+00
8.673402913166381012e+00
1.792565304664231007e+01
-6.741723543133150542e+01
1.614774885871611687e+01
9.359725347515436056e+00
-3.362999022316989084e+01
-4.941045006994272626e+01
-5.261097778929379132e+01
-5.422310453194623392e+01
-3.334124469156152060e+01
-4.285082428618983386e+01
-2.163326949729252391e+01
-7.171602153578423611e+01
-3.703602183356809974e+01
-6.427127875655303058e+01
-8.021682223982503501e+01
-9.230543968251181752e+01
-1.038454125713058858e+02
-5.975848754590856515e+01
-4.035277538297629008e+01
-4.663020030717301267e+01
-2.838505182186780473e+01
-1.639995582058453749e+01
-4.643358530484804447e+01
-7.306217048299407679e+01
-6.768290598896825827e+01
-5.437583276584038572e+01
-3.665921883288805816e+01
-9.214916847625505625e+01
-1.453025931181099395e+01
1.959259241905790816e+01
-8.890415626042744179e+01
-2.245374259110597848e+01
-6.546770881166219169e+01
-2.930584481957438925e+01
-2.592228338723046477e+00
2.746666769548657783e+01
-1.564583942376935966e+01
3.387641618607916882e+01
-9.413826258500129995e+00
-3.066359374092716905e+01
6.181873083784128653e+01
-3.145903286066561222e+01
-4.916005659008226303e+01
-3.567180418772059625e+01
1.681086286333601265e+01
-3.605640592408929024e+01
-3.664187236994047225e+01
-5.997830702208383968e+01
-5.533895972704320343e+01
4.249487184085981539e+01
-1.521149676833553599e+01
-2.909518397707415716e+01
-6.764831901199386266e-02
-5.017680340275984463e+01
-3.222921580685176934e+01
-3.538610185231067362e+01
-3.845774155413363360e+01
-9.140796920161051275e+00
-1.357837274587427601e+01
-2.566577582845644656e+01
4.664688020530292079e+00
2.125734883187863034e+01
-1.717457045426712625e+01
1.240368685349073985e+01
-3.114346985789751443e+01
5.911323017769689159e+00
-2.225038235996430558e+01
-1.170077070061831677e+02
-3.701311434821644752e+01
-9.166388183497883801e+01
-9.420014935724370275e+01
4.916180842382652827e+01
3.657460576618277059e+01
4.095314980488146261e+01
9.230183323401092821e+00
4.845481855008677030e+01
1.426328185373670010e+01
-3.401046719395822038e+00
-1.921135937907487801e+01
-7.049955882006656793e+00
-4.706992524344968842e+01
-1.735115020530776064e+01
3.348552395245462776e+01
-2.627726250190951873e+01
-5.415545818371953146e+01
2.940777911331892369e+01
1.023312817049077239e+01
-3.523262444730363541e+01
-3.795280879247880534e+01
-2.639582231692764935e+01
-7.194312326301246685e+01
-1.870303498855133739e+01
-2.832919777217117030e+01
-2.914074369006169718e+01
-1.845888027319216462e+01
-4.037331469591848077e+01
-3.691481298984149362e+01
-2.633266827696741075e+01
-3.543049735604313355e+01
-6.783889866910476485e+01
-3.309909716736197538e+01
-2.773865177544922744e+01
-2.470552824530747671e+01
-4.112979114202121877e+01
-2.905102929276961277e+01
-5.561232724675866734e+01
-4.112730460068402749e+01
-1.620782049320229135e+02
-3.798195664260734361e+01
-3.758725813747146560e+01
-2.978992717368925014e+01
-6.350044012918294811e+01
-3.706420920048867629e+01
-1.827530246133154890e+01
-4.212542156568002838e+01
-7.294122379002166667e+01
2.711950914494158837e+01
-4.012411220835410575e+01
-4.170772752399670935e+01
8.004228258460784673e+00
1.076277191546000722e+01
4.186274741858440507e+00
1.719413634457760054e+01
5.177067938440060857e+00
3.620874320119978051e+01
6.959205164231097740e+01
9.554646191526131815e+01
8.784340119120413704e+01
7.903585827351400894e+01
-5.124916656475467391e+01
2.741108118861400555e+01
-3.137402065121631267e+01
1.076767097464538381e+01
2.534923700488818099e+00
2.740380384207087161e+01
8.541526176696606854e+00
3.378485512083707931e+01
4.096090778427021917e+01
2.345532857625155998e+01
1.784975132518577823e+01
1.767712849357269533e+01
2.902243415594671205e+01
2.819361697505820530e+01
4.195012756858501746e+01
5.139891176798732886e+01
6.178934115718736564e+01
3.774656278215971383e+01
4.898888371071974035e+01
3.189396369967596456e+00
1.774050089553797704e+01
-3.050165026325404938e+01
4.113508137951015442e+00
8.611164255663602773e+00
6.253310919697542403e+01
2.966848111226605056e+01
-1.200938092499148979e+01
-4.643561846971394402e+01
-4.388111316740133816e+01
4.901392085724864955e-01
-3.136446081889545212e+00
6.108504373702916723e+01
1.512235194496759050e+01
-1.802095669577846593e+01
1.158905195815631828e+01
1.781291484786316914e+01
8.060609035103641418e+01
-4.203123898631986322e+00
-4.760620933145241906e+01
-9.120728055873991025e+01
