-1.113179469495878493e+01
-4.118317581975190933e+00
2.242837280764672414e+01
9.635430933874403081e+00
1.390261031321745122e+01
4.247447717581962934e+00
-4.269063473415457111e+00
-8.899626861307552872e+00
5.953901782838158852e+00
-1.408836306304165475e+01
-8.661421557386560721e+00
-5.542646432660681910e+00
-3.065430882028834958e+00
1.575407321457174703e+01
-5.237662758545553743e+00
8.271393697099256315e-01
1.368053143392586435e+00
-2.763473267031599789e-01
-3.409917952953662734e+00
-1.202441157604644673e+01
-1.416467201074655691e+01
1.125101386511884982e+01
-6.513578398076560916e+00
1.691282045930299205e+01
-1.791533572802238439e+01
-2.025982631994915550e+01
-2.477718397473879008e+00
2.528758220389022426e+00
-1.715550814191982454e+01
7.776951496793046203e+00
-2.845636260873933310e+01
-2.506440380966708403e+00
-2.296197947138693962e+00
-3.933779146040933483e+00
6.377337512192013946e-01
-9.142720432093618399e-01
3.794606450262207886e-01
6.772474008664573830e+00
-2.598925344733447673e+01
-5.391409208370856732e+01
-1.552728420772528750e+01
-2.160023533851699540e+01
-2.962941546994505870e+01
-3.588562254730777568e+01
-2.073521325659325498e+01
-1.209114087486960898e+01
-2.650810964648908907e+01
-5.588975723208272939e+01
-5.615085521163734938e+01
-6.543193083663257426e+01
-5.796077407021898864e+01
-6.403693479067356975e+01
-4.946479886996695541e+01
-3.980570165644192571e+01
-5.991355381125043778e+01
-3.106776823127205489e+01
-4.114047796624146258e+01
-3.226272708608127004e+01
-3.599208580360348719e+01
-4.259002621724329174e+01
-5.443112870596831954e+01
-7.047186421043761584e+01
-6.822240870190955775e+01
-6.488136023993570234e+01
-3.823273096075376998e+01
-4.526984830398134818e+01
-3.293187807694667413e+01
-4.538839443730631729e+01
-4.511868422154429936e+01
-5.860073816558002591e+01
-6.037475265563520566e+01
-3.585219610109714949e+01
-4.148903624447594041e+01
-1.478508178292094044e+01
-1.883274767728829602e+01
-3.272126058833242723e+01
-2.114041597745330137e+01
-3.773835033855965548e+01
-2.387599052636903707e+01
-1.962458418009313732e+01
-6.049758749521274126e+01
-3.468273791509884063e+01
-2.318140892735664238e+01
-1.936561022265456700e+01
-3.912854440271524936e+01
2.299242186372326557e+01
-4.793986846643274191e+01
-3.284524692751581654e+01
-4.869340562991773425e+01
-2.191722082722640152e+01
-2.858226408095050886e+01
1.884112902081191976e+00
-6.275341829935712212e-01
-2.402798407123870561e+01
-1.040684617540307499e+01
-8.125892092597666760e+00
-1.316932023872531943e+01
-1.911828557299428155e+01
-2.812663896072401570e+01
-3.274232071704754077e+01
-1.501280847502188465e+01
-8.594471304419393221e-01
-2.826552732309174587e+00
-3.449880957270386261e+01
-1.298157956711698802e+01
-7.327779330318463735e+00
-2.540401260977248654e+01
-1.616764487586176635e+00
1.377315766742423619e+00
-1.928164320047123681e+00
-3.631930189665048658e+00
-6.427466677006344753e+01
-2.032661109304437730e+01
6.504647514175609047e+00
-1.027703070318420941e+01
-3.911390746572271482e+00
5.041158216631735911e+00
2.692916230809441203e+00
-1.154331635768912356e+01
-1.412115921205684366e+01
-1.087021545971882830e+01
-2.882314315411882433e-02
-1.787622999010682534e+01
5.197099814935356221e+00
4.179951798257897089e-02
7.996458638962568699e+00
-2.725016408984805594e+01
-1.285118086051413400e+01
3.278604639753964989e+00
-6.405462317802800953e+00
-9.497478657070814734e-01
7.253255603729655832e+00
1.869712569220720866e+01
6.697863047149837712e+00
3.911680371032787207e+00
-9.036622785950171988e+00
1.108340478772946369e+01
-3.536864054967907123e+00
1.171747177424438746e+01
1.314492084389615911e+01
5.891267834815323567e+00
1.434187718596916739e+01
9.737936580926529473e+00
2.336797755344855432e+01
7.875049400063915073e+00
2.316285581723870735e+01
1.470822274849372491e+01
1.110702301082353927e+01
1.526790743585814880e+01
1.705473950493474433e+01
1.201027370035639308e+01
1.874951071532694868e+01
1.530367015543663456e+01
1.416367518699084371e+01
1.227157588030141255e+01
1.532836265178120527e+01
2.216910853071881604e+01
7.578497054020800761e+00
2.421990493810084644e+01
-4.190167070181885833e+00
1.198943607452949323e+01
6.729931557296427513e+01
6.925324998454271963e+00
2.532264734800640582e+01
2.900658974581264715e+01
6.814753994146833804e+00
2.701755005007521504e+01
2.266959216208280736e+01
1.219494862747227160e+01
1.510272105009840260e+01
4.294161450837430749e+01
3.546475622805640171e+01
1.408906670216734014e+01
3.002408528471450211e+01
1.246972073426690386e+01
2.266413280965092270e+01
2.413531971333006254e+01
5.367905612494197953e+00
2.314106824469998003e+01
1.837504929464900272e+01
1.276788720032844182e+01
2.808745504425490935e+01
3.289911584732840311e+01
1.994587133145434166e+01
2.885659390548786263e+01
2.589989018148846256e+01
2.368244431241652848e+00
3.273691825618719520e+01
2.603866632819799065e+01
1.981183330293829670e+01
2.654882209252124525e+01
1.310726917914448109e+01
3.225800857889898765e+01
3.804100347773892565e+01
2.429773468182725082e+01
1.741639081517098475e+01
2.021408912392305979e+01
1.858549869241066688e+01
3.144519235087718556e+01
2.979985378685244868e+01
2.993046282285618886e+01
3.540639209352182348e+01
2.287055837896843968e+01
2.963744197708541606e+01
3.619332673560569447e+01
3.913390436065593292e+01
3.673169822077119306e+01
3.499490698707234060e+01
2.554147552804057852e+01
1.172587443425955200e+01
-3.583832366228295996e+01
3.741569130617705952e+01
2.147418681548753483e+01
3.983282327548971580e+01
3.594651119756242252e+01
2.794440166347148136e+01
2.571528136916242602e+01
4.164109800070188783e+01
4.761494616443793149e+01
2.940480306006740463e+01
5.477804038547174770e+01
2.993573132794880109e+01
2.714675850831013193e+01
3.414172421852993722e+01
2.091896907271694772e+01
7.289031428555261982e+00
3.684787234855841120e+01
1.390304541483914136e+01
-4.744276715230768104e+00
2.991565730607805307e+01
2.223924459824415578e+01
2.671252733598954876e+01
3.880986694641721613e+01
3.242609931250251520e+01
2.702735551001067904e+01
2.076760529599617655e+01
2.485756557180070558e+01
1.232852242694079337e+01
2.410616319913864913e+01
2.799171233339960452e+01
2.734365064940089951e+01
3.058268781507182865e+01
3.444754205663656421e+00
6.995602370745665155e+00
2.894451616378734826e+01
2.369375429795114485e+01
3.458124001955916782e+01
1.941895911936013874e+01
1.716036822775208748e+01
-5.766942001673527329e-01
9.980902613560814984e+00
1.799057630664631802e+01
7.112627887682108963e+00
1.049368412849687360e+01
2.030815603185047280e+00
2.008058662227642799e+01
-3.418585119531982741e-01
-3.758858837600293157e+00
2.266285963373081813e+01
-1.275083389516524335e+00
-1.345060539008903788e+01
4.738621394106004914e+00
5.666774402333402350e+00
3.321295788100812274e+00
-3.642191157882692210e+00
3.381439710823244127e+00
1.310988076721525886e+01
1.730657342112795050e+01
-4.411835909876977269e+00
4.581570073236072460e+00
3.747428304421205780e+00
2.597917042395678777e+00
-2.556611995348561095e-01
-1.297162393492011034e+01
-4.406369352515248750e+00
-2.488355404484190458e+01
-3.600070583575672600e+01
-2.038970457680301607e+01
-2.473406343373915917e+01
-3.233975627025056809e+01
-3.283288808387592894e+01
-2.219949785353779959e+01
-4.200991608121590559e+01
-4.429633386195247624e+01
-2.863143534213275387e+01
-2.412054147868138188e+01
-3.206324943007786743e+01
-2.686329353048807178e+01
-3.894007644875981100e+01
-2.805424539121771943e+01
-7.554361738599851606e+01
-2.964388158216697278e+01
-3.976818476795735080e+01
-3.825643817817731929e+01
-4.095638889249049441e+01
-2.559128690694916131e+01
-2.119140140451548149e+01
-4.476563192800132640e+01
-7.796568707010520427e+01
-3.894700106428220465e+01
-1.873324550050863024e+01
-4.359596837842515527e+01
-8.199325884604795078e+01
-1.151009968436074757e+02
-9.530554595368592175e+01
-4.054917014027060418e+01
8.561811761337224880e+00
1.966557772759840361e+01
-2.540385369302924801e+00
3.051433822067579626e+00
2.478101059010042206e+01
6.729229209573617254e+00
-1.559027580489577502e+01
-9.102157456882802933e+01
-6.008153635418305782e+01
-8.843607801952273917e+00
-2.246393542246880770e+01
-1.228633152094079151e+01
-4.002333749062164969e+01
-1.713601325071807935e+01
-2.811137956087578971e+01
-4.481459220033306678e+01
-3.362878201462485350e+01
-9.916529538726777560e+00
-2.483719511572039806e+01
-2.348905624260501668e+01
-3.906550375025781108e+01
-2.786587619640900471e+01
-1.454151177349112345e+01
-3.499010018972640523e+01
-2.487420889645372313e+01
-1.672090685344001315e+01
-3.309151785121204625e+01
-9.269958293035216457e+00
-2.253845916671426153e+01
-1.987644075750006323e+01
-3.275426392483922200e-01
-9.159753430196360569e+00
-9.807263719502159915e+00
-1.761248084327021957e+00
-8.830253077601497580e+00
2.014810175691039262e+00
1.505404052369678425e+01
3.789868959726874209e+00
1.242689417607195423e+01
-1.490768659474516156e+01
-1.227549626742273148e+01
-2.945443653661314443e+01
1.935096506301491104e+00
-1.723032522061156158e+01
-4.154524290045799262e+00
3.274895530501993335e+00
-3.539478892192121862e+00
7.666987552603870881e+00
-6.360941979920340827e+00
6.856311138949877204e+00
1.027490982017269516e+00
5.473107028522207429e+00
-2.751082636782342661e-01
1.793248194697446252e+01
3.202217999418763839e-01
-1.301837816005997439e+01
1.236423029072703628e+01
2.639825878001516912e+00
1.872054292590064506e+00
-5.025869341884572350e+00
1.806901774378019354e+01
7.510273950101606033e+00
6.361584520001130727e+00
1.068170054733032970e+01
-3.077549811205173569e-01
6.226709174660257418e+00
1.237022164288996251e+01
5.891480024603165333e+00
1.609856435884163517e+01
1.867670619229348716e+01
1.717531944640557739e+01
1.533898690695727041e+01
2.745253853249806753e+00
1.389673019584433433e+01
1.777860476746448981e+01
1.950365525509341680e+01
1.905410705675755878e+01
2.241303061077785941e+01
2.098650062466231248e+01
2.321017762519930727e+01
3.182396801406872200e+01
1.666241851331936630e+01
2.651317358943901326e+01
1.897807522406387548e+01
2.406003924439484720e+01
2.768756370121491273e+01
2.614994003050002647e+01
1.819517605930641224e+01
3.101044369460818828e+01
4.185517891206417573e+01
2.442024047089955729e+01
1.604632680965382008e+01
1.657580476619141763e+01
3.321464383811589016e+01
3.430955018091625419e+01
4.639703783264391745e+01
3.641552334017930548e+01
4.572806296313875407e+01
5.390405731736724704e+01
1.347286341723072667e+01
3.453714260992135365e+01
4.389442450517632466e+01
2.088695811892088727e+01
1.704500069015936958e+01
2.327019606056677503e+01
3.047766338496988681e+01
2.219335001807041863e+01
2.821196112826130076e+01
2.452366130759723717e+01
5.093133249945800145e+01
3.148560539801258074e+01
4.233232013255688742e+01
3.023595353049890377e+01
4.162883761419412565e+01
2.665342341794549696e+01
4.322345318859939312e+01
2.188745239931531472e+01
1.027778559536237424e+01
4.112463340089816199e+01
1.818814089952307711e+01
4.052390190779671997e+01
3.482617131028946034e+01
3.765332110320642300e+01
1.946145100222436497e+01
2.403131606554622124e+01
1.788106424653193471e+01
3.031461102691366705e+01
4.080238564128514156e+01
3.661979422762262004e+01
3.910392862509913670e+01
6.475180825172907362e+01
2.001748385924429385e+01
3.048336961809621926e+01
3.150829360517348832e+01
2.995239867411395451e+01
3.697584143600047923e+01
2.423909550355463693e+01
8.647893679476098328e+00
3.157175238423056385e+01
1.793578666327090332e+01
4.159699159620771525e+00
3.672150341732251633e+01
2.525666569272397055e+01
2.996100648242494913e+01
2.692897467875119588e+01
2.220908992021642803e+01
1.198083533308472681e+01
1.479338252119772790e+01
9.671840892794861588e+00
1.564593583817368483e+01
2.361775251159880895e+01
1.311653970028189065e+00
2.949062900986490376e+00
2.339179985051111998e+01
-5.981813053128632873e+00
6.832852976026941860e-01
4.671295366324443421e+00
-2.506318085342061863e+01
-4.238206630474522285e+00
-3.328107725969417174e+00
-7.352511000968036115e+00
-3.039736664431688951e+01
-1.163459315499602553e+01
-5.141377504032184476e+01
-5.574730047109559905e+01
-5.215917145511942010e+01
-5.673417319205313447e+01
-4.956303530277047287e+01
-4.878024953179988188e+01
-3.507373425267910250e+01
-4.907685475439404854e+01
-4.212653625061517459e+01
-4.214198332542444803e+01
-5.668731909735246433e+01
-5.093946848343480838e+01
-3.354330356869460417e+01
-3.950334881635663464e+01
-2.040138527498691445e+01
-3.846552945127926648e+01
-4.152350533743661742e+01
-3.680081539486522502e+01
-3.413170715068767436e+01
-5.489833077204602318e+01
-3.749013583651552040e+01
-2.990382384491493895e+01
-3.331663203153075870e+01
-2.500643511521903406e+01
-3.709008633918992359e+01
-2.585302329680438049e+01
-3.486104334604506505e+01
-3.899569462646863371e+01
-3.445558452113135672e+01
-3.929845639056723883e+01
-3.190371392513094406e+01
-3.859181378169608934e+01
-2.291178695533773180e+01
-3.133248134163724785e+01
-2.648267600083471507e+01
-2.715210259263395187e+01
2.232997616685216258e+01
-1.719010340883916399e+01
-2.801655006348245536e+01
-3.177841791712465636e+01
-2.363930969840721730e+01
-2.385077178312350554e+01
-3.923261061733656163e+01
-2.170734164615518580e+01
-2.142911398743125062e+01
-1.105107583662690729e+01
-2.101861730370156067e+01
-3.218682329717875490e+01
-3.350565815068353714e+01
-2.304833914838952325e+01
-1.076602162039402799e+01
-8.475878103835064792e+00
-7.967565040496246809e+00
-9.543283331060067098e+00
-1.795311128546867252e+01
-1.160991247504306045e+01
-9.500654116277459593e+00
-2.319573168007588038e+01
-2.899063899706506930e+01
-1.597541073945629364e+01
4.531000686965889201e+00
-8.318182988331216166e+00
-9.704023664856386233e+00
-1.260159998498619416e+01
6.527772387363029338e+00
2.967314895654737938e+00
6.077996745001868817e+00
3.980664898627011894e+00
1.532667373580785863e+00
-1.005158324355785737e+01
-6.914549732089540157e+00
5.110457156697592040e+00
-6.136225981839515953e-01
1.113542628088427477e+01
5.879624615264049226e+00
1.377686314938748069e+01
2.345484209862985381e+01
1.638533397819428217e+01
2.497601921892211152e+01
8.216008781559441587e+00
-2.011487094790788177e+01
-2.087768591121083972e+01
-2.900382872619207575e+01
3.040997846440797048e+01
-2.233310408821839133e+01
3.072682357995215341e+01
2.867725321066602362e+01
1.825260253568589519e+01
3.076250403033230896e+01
2.043609473632133700e+01
8.818649897749807565e+00
1.708824191460909958e+01
2.050940609336382181e+01
5.382297228790602617e+01
3.136264945213224564e+01
1.520207282546471106e+01
1.972384404357103449e+01
7.391326851134806475e+00
