-7.937470726074863592e+00
-2.151878847363411751e+01
-2.009925345225354931e+00
2.697160553887422907e+01
1.928694630312543268e+01
1.057114943263599116e+00
2.307290598017496563e+01
4.101155913925083496e+00
-9.128492993471326145e+00
1.507109022512884167e+01
2.007461364790256653e+01
-1.520702495630985140e+00
-9.709856827791746525e+00
-5.997874303490952741e+00
1.297834397865652534e+01
-1.911954545803013161e+00
-2.788818512717909925e-01
1.637823790078076058e+01
1.988040088562837582e+01
2.129785192233120483e+01
8.827467109537053602e+00
2.087242343285875279e+01
1.017531770920618328e+01
2.477814567553730285e+01
1.517718604704907648e+01
-5.872917220066952382e+00
1.181061282019365422e+01
3.094377073253357935e+01
1.774645188718866962e+01
7.903519476377404374e+00
3.249364861494042600e+01
1.456045604445408514e+01
1.881450602884218881e+01
1.679257342372958561e+01
2.115737671084294647e+01
5.810591269939987313e+00
1.419001495243275457e+01
2.495674052395463605e+01
1.197694353466951611e+01
4.449146694205524000e+01
7.277783900818566565e+01
9.799143335159980950e+01
7.574075133143688277e+01
9.456800558661934986e+01
1.322166022453594110e+02
1.240358782814601000e+02
1.152843399981563266e+02
-3.001370335101654518e+00
1.485305061496805479e+01
1.985472363393705564e+01
1.138006820665908947e+01
3.242256340347978494e+00
2.303306088605779678e+00
1.550924865131975139e+01
7.246704761767148284e+00
3.313216388581395222e+01
2.015678980118460117e+01
1.771685750328339282e+01
8.870614632650131171e-02
1.669584083994010371e+01
1.930945483979093069e+01
-8.496730327743676980e+00
-4.097505215574614112e+00
3.205386215327837363e+01
-2.725871744001139518e+00
1.120971331350261835e+00
3.055978967110715416e+01
-3.734694060346527067e+00
-6.236997554543819433e+00
-1.333814498596723297e+01
2.077465605533802773e+00
-1.627520516039130882e+01
-1.421836047531812142e+00
1.304076426909708175e+01
1.751241312870459410e+01
1.154725171543765327e+01
1.632782617887227161e+01
8.067489417281649366e+00
-1.779184666928930625e+01
-3.696882818156282724e+00
-1.422077459878816796e+01
8.652619030183032578e+00
2.909426815047950754e+01
3.359170588496962750e+01
-1.489605604709055342e+01
-2.051305731592617576e+01
1.356621235857012664e+00
-4.476307352994268740e+00
-7.344551442887876647e+00
1.651226815964058403e+00
1.011116807168951937e+01
-4.422895272492347374e+00
1.481251122087569172e+01
7.368581016363350500e+00
4.928484786186160704e+00
1.522974143972837169e+01
-1.646449993848430182e+01
-8.546522978765707990e+00
9.860534093791343935e+00
-2.277183327575159666e+01
1.797239704392504223e+01
-6.728414929966744396e+00
-1.311145890711787487e+01
1.199328846803808979e+01
1.493425479324990590e+00
3.504532473831126538e+00
1.068219548855241996e+01
1.009636320276898580e+01
4.604859203916378263e-01
1.093290725072776048e+01
-3.617358893539162068e-01
3.393620956648284448e+01
1.854390045814231769e+01
1.679259297351585190e+00
8.552015091017501902e+00
-2.025784047096325935e+01
-6.619799362701469292e+00
-4.404147476171449682e+01
-3.250978193715679865e+00
1.246632471764539929e+01
4.037635823437973670e+00
-8.351833135407503050e+00
-7.605008714579833295e+00
4.098184660511144273e+00
2.500011654790494120e+01
1.235910807614948226e+01
8.710899308019806142e+01
-1.472120732445304725e+00
2.750688086699000223e+00
1.389536150080154187e+01
-1.036437001776704392e-01
-2.516094793354810122e+00
1.178341926621869007e+01
-2.596985640963438868e+00
3.197599564534954197e+00
1.473846356592861184e+01
8.886358899781754417e+00
2.753021276624721736e+00
8.355321518549686743e+00
1.190445209612180122e+01
-1.003338057456744536e+00
4.607781806211150410e+00
-3.111561283002600931e+00
-4.237506581375093617e+01
-9.751638700193808518e+00
-1.365361571837476617e+01
2.852431489303910439e-01
-2.444269501558912339e+01
-1.281558626365442422e+01
-1.414544934640143481e+01
-2.221611506551496973e+00
-7.816441149208799288e-01
-1.398790693555672249e+01
-1.912261995549954463e+00
8.533416953261507842e-02
-6.686149468646220839e+00
-1.216528386821791941e+01
-2.344855739342736456e+01
-1.648579171828652079e+01
-4.341502449703838806e+00
5.534409186593620689e-01
1.562230396022936674e+01
-9.078963668200778159e+00
2.313903679571886585e+00
-1.303104058663359410e+01
-1.794877356482736275e+01
1.898069844725952748e+00
-1.302988157643618194e+01
-2.483721144699259753e+00
-5.531964618007876311e-01
1.541884705385889021e+01
-1.214263342515504362e+01
-2.085298411553133846e+01
1.218570336443655577e+01
-2.174930305798907781e+01
-1.019897082646059516e+01
-1.182978048003291605e+01
9.281985508386014772e-01
1.482060044000049004e+01
-1.449256965957142995e+01
-1.288945489202052208e+01
2.645486995360025162e+01
1.543645035228038509e+01
4.224652691713236763e+00
1.105494417805224217e+01
4.295757657983237721e+00
-1.618606557908846710e+01
1.945149819956938586e+00
1.134281186811142916e+01
1.659496000055652232e+00
-1.549222996192305857e+00
1.517489166518478605e+01
-8.208280801878789390e+00
1.329368326349524665e+01
-7.299679283107352035e-01
-4.436649215139304658e+00
2.298332086916950345e+00
-9.077278474846643519e+00
-1.462256045892898726e+01
1.294721913982767347e+01
1.669943294751234930e+00
-3.739214170761830047e+00
1.973671030572496932e+01
3.423695906794389998e+01
1.911653463746381476e+01
2.356130108896316244e+00
8.197905408227256885e+00
-5.140427277618414337e+00
1.913625291965544761e+00
4.113252074514150536e+00
-3.008153145128738970e+01
-1.261980742491866181e+01
8.817025244034603304e+00
2.530418100505811196e+01
-1.442000378017291951e+01
-2.976002454690610932e+01
6.115938675342327713e+00
-9.992410389413194594e+00
-1.812690214109650810e+00
-1.460091982632203766e+01
2.620118741134059093e+01
1.469001870231173967e+01
2.205380065663186429e+01
1.181959473774917058e+00
-5.184376834597436812e+00
7.339199354509304385e+00
-6.295744466892756463e-01
8.870151078889620067e+00
-1.145031699395230618e+01
1.203037896647322214e+01
-4.795162962062470058e+00
-1.021254858139318600e+01
1.570352279521685901e+01
8.157214768100871538e+00
-1.545814445860237640e+00
-2.672459529510589960e+00
-6.634168196772250781e+00
1.369077346189075683e+01
-5.942724628203848170e+00
-9.386887712333859213e+00
-1.531954162330748659e-01
3.626719043917148610e+00
3.655229523635144417e+00
9.746145352678423635e+00
4.797950037405861679e+00
-8.093534342184447894e+00
-1.260989630574307796e+01
-2.252371334850053586e+00
5.981161110537229320e+00
-1.143756258964970129e+01
-1.630477849465371776e+01
1.569970035087696658e+01
5.353881007126119584e+00
-2.343135505583354927e+00
4.182436141253788264e+00
8.533214133824593262e+00
1.013538357877613549e+01
7.331235233701249854e-01
1.361868834450942956e+01
6.981407623279395125e+00
2.076484162906290720e+01
1.571213759617805295e+00
2.669301633346847780e+00
1.908290646012355296e+01
2.211732618150188046e+01
1.130101759792871974e+01
1.168344515046416632e+01
-7.703650084250611485e+00
6.928229597568396514e+00
3.803016100089273266e+00
-3.915717027886365997e+00
3.939306347623130478e+00
-3.094371350220370687e-01
-1.371558928711571923e+00
-4.716412660236528609e+00
-9.499669508764974069e-02
3.850592820768785174e+00
3.407528735663415631e+00
1.765878877230143473e+01
-2.135436135076741238e+00
-8.243007502979677881e+00
-1.168518402582415661e+01
4.147022814181823946e+00
-2.005904295409328242e+00
2.084147726335018547e+00
-1.325813621260003927e+01
2.204109717878158570e+00
1.191520162703870866e+01
-3.342675328894654285e+01
-1.161320865383882506e+01
-4.182216653608088563e+01
-3.421690966615744145e+01
-3.120351486864192836e+01
-1.437937084403405663e+01
-2.554351187253232069e+00
-2.594770892459617428e+01
1.933490843324722874e+01
-4.878467406466506873e+01
-4.198110171842179739e+01
-1.231232212591027775e+01
-6.308909629829010157e+01
-5.490467479248115978e+01
-1.823276930303856247e+01
-4.962727691717373801e+01
-6.848021972608793817e+01
7.110252919257206372e+00
1.148487230522881930e+00
9.273846030823648334e+00
-2.486996337333522433e+00
-5.321286852080461927e+00
-2.453514189061388606e+01
-2.247729541014668087e+01
-3.154531420820261189e+01
-2.647071307841432031e+01
-5.824673662980012523e+01
4.910054305365992633e+01
1.572930039515659928e+01
-7.209263421227447566e+00
-5.519957474572493084e+00
8.250440008820348226e+00
-5.248447568937621099e+00
-5.516907192439475693e+00
-1.718447088263594935e+01
-1.104212299358802341e+01
-3.946256700320972755e+00
-1.978165056340910155e+01
-1.360061614241033112e+01
-1.687582476255364838e+01
5.379602244024056290e+00
-8.272493546971332989e+00
-9.508278233919867262e+00
-1.982663619370839569e+01
8.100097781334909541e-01
-4.245500261392663788e+00
8.183066835381481496e+00
7.201623290327404447e+00
3.134667577397351579e+00
1.244180508091146464e+01
9.214806582456276374e+00
8.636150987346937313e+00
1.481203351501021359e+01
9.788039087756231993e+00
1.552561666801193496e+01
3.413078483118013651e+00
1.109383316556869659e+01
6.986144188159912005e+00
-1.282116530477495076e+00
9.567235925626221160e+00
3.067460111833351277e+01
3.475782998500683618e+00
8.447445893829524266e+00
1.025531095052274111e+01
-3.253790607199078977e+00
-5.544093665763654144e+00
-3.350952753459829125e+00
-1.696973662116505466e+00
6.770717367287161892e+00
-8.151139239941187498e-01
-2.048936730125684136e+01
6.125841626969787512e+00
-6.943550791158941138e-01
-7.019980305369259099e+00
-1.170827023086285124e+01
-1.882639174307598751e+00
-7.136965109353567982e+00
-1.236726435220599285e+01
-6.844299370460305454e+00
-2.246140714291954055e+00
-3.506342458971218434e+00
-9.273627278034055621e-01
1.625325199953887534e+01
-3.239271497850438664e+00
-1.594286657472944313e+01
-9.387289981983315101e+00
-7.877224094213083561e+00
-3.267934193755216654e+00
-1.005531095477731185e+01
-2.731560627036699884e+00
-1.939871865656325767e+01
-2.596632303984250001e+01
-1.680203811786754997e+01
-1.696754543910023116e+01
1.066868584072722115e-02
-1.738822845632662251e+01
-1.577767925926589498e+01
-2.444505612273466966e+00
-5.618754847559266352e-01
-1.348154754597830518e+00
-6.430287347553154120e+00
-1.600857136415169535e+01
2.006851207050949881e+00
7.298441263048574434e+00
-6.195047852933837973e+00
-9.507010478081884486e+00
-2.053801575496263254e+01
1.151047822939949405e+01
1.326334789472035247e+01
-6.420712454385082424e-01
9.017413759580922061e+00
-1.491710578541045429e+01
-4.969181145429676150e+00
1.784627482738823545e+01
1.018706188166450488e+01
-5.493301088546118649e-01
5.248947277389263810e+00
1.577896025656895951e+01
1.049956164195465114e+01
-2.117446669696057882e+00
7.634344323634534746e+00
3.856297832668687420e+00
7.297983471408436174e+00
-2.824341135384727863e+00
-3.188946476527057428e+00
4.700132686706339769e-01
-1.439932128436119285e+00
1.147626680104874808e+01
1.511086998990340646e+01
8.576132478622085387e+00
1.286314923485572592e+01
3.010427628983684656e+00
3.552828392251647927e+00
-5.124172527074541961e+00
-1.628302066424041783e+01
-1.441681922880157174e+01
4.931433973353335887e+00
-3.412971249969187681e+01
2.231039204470955184e+01
5.049436513715392039e+00
6.055273714948157249e-01
1.714623624138769031e+01
-1.065116133584331237e+01
1.078278766628386620e+01
1.195888281094100591e+01
8.094870412700110762e+00
6.656368002047820198e+00
-3.157952310416696662e+00
-9.000928768113357847e+00
1.090843332822123557e+01
-2.454685585380806145e+01
1.077583608685346661e+01
5.829852809851193030e+00
-2.159106506092811628e+00
-2.197363660731227242e+00
2.808806625157586723e+00
2.715081990633755993e+01
7.991638359592485585e-01
-1.722357252681962336e+01
1.395372646016319607e+01
5.537855047505566120e+00
2.743470169234683453e+00
3.256493362387043788e+01
-1.195253876688072125e+01
3.873574760088875024e+00
1.276456552170770919e+01
4.571879060136978978e+00
-1.694271684980051873e+00
3.131758717970262040e+01
-4.312442894994561016e+00
3.446720522297184175e+00
3.009187278629977413e+01
1.629668201817048612e+01
1.601224511130855888e+01
1.954064047391310055e+01
2.097352114689323344e+01
1.982550612774467425e+00
1.176828608264656850e+00
2.326721977832593780e+01
3.400601355745033061e+01
1.336518165649573575e+01
-4.728441014594650937e+00
-4.519248003515016876e+00
-5.742632432780538920e+00
4.917049273114969310e+00
-2.231041970932800211e+01
-2.142445616300850020e+01
2.289730554621257852e+00
1.388448682778123100e+01
7.291101708624893263e+00
1.003253104671770757e+01
6.657297695669143422e+00
3.208695794114387922e+01
-6.954601185787397810e+01
2.091080603802126348e+00
-1.046247424398555381e+01
1.250681062504413887e+01
2.981205759724545601e+00
1.521048118847448904e+01
-1.132418549096939842e+00
-1.010586190742486679e+00
1.001562341870572936e+01
9.420412607948733807e+00
1.859242986545211807e+00
2.290374044159918299e+00
-1.936526100145270846e+01
1.338514256112355838e+01
-6.373970623712992278e+00
1.044262623460326722e+00
-2.146966209121610802e+01
-3.238935616262835993e+00
-1.292029184897532446e+01
-7.851780248515098037e+00
-1.924404478639715421e+00
-1.120779234174139560e+01
-2.121515700208779265e+01
-1.232632635204720373e+01
-5.527051366525768117e+00
-8.634233968514024582e+00
-1.210057791379943382e+01
-1.104446124245617966e+01
-3.502811527789319257e+00
-1.459295338612874104e+01
1.205226706150039462e+01
-1.662536840460163035e+00
-2.403044201202222752e+01
-1.557598942859571878e+01
-6.467695282236221033e-01
9.080467644619552914e+00
-2.760530521336321641e+01
1.127614086773185420e+00
3.737923506553855191e+00
-4.174331734282851869e+00
-4.345634245846355270e+00
2.051621171722999293e-01
-4.905025282493600969e+01
-3.251156009170506422e+01
-4.223599957774803926e+01
-1.454059586799248649e+01
4.106047194183961579e+00
-6.779762491520934020e+00
5.713614430037061709e+00
-1.984591147014207024e+00
-8.144957584780236459e+00
-7.911876755998619615e+00
2.454644861418870505e+00
-8.931006545268331820e+00
-2.369047135092102963e+00
-8.489660252731354717e+00
-5.022698542518966747e+00
-1.281808896971801914e+01
-8.511367448785080114e+00
-1.717315207139054678e+01
-1.647636532089710215e+01
5.057215376281632757e+00
-4.593000142577260192e+00
-2.623200923439158316e+01
-5.453548857777379055e+01
-9.269430603392832779e+01
-7.935404463210829817e+01
-1.255747715981486863e+02
-7.619573460665520770e+01
-1.022238605672803970e+02
-6.835049013658114347e+01
-3.751822780515297495e+01
-6.880117759830662294e+01
-1.450800881728888925e+01
-1.863673879131680877e+01
-1.276880539442089457e+01
-3.542314442941930963e+01
-3.543590537801715357e+01
-3.147713679947230503e+01
-1.075984232572275801e+01
-1.274431393067689555e+01
-2.431068676779574389e+01
-2.268718211361765213e+01
-5.845471832502582288e+00
-7.060585192472984772e+00
1.526318507490046272e+01
