1.257473999992839708e+00
-1.704025581237634412e+01
8.997960759808222519e+00
4.976285017445974290e+00
-2.743057259924313485e+00
1.242560219895688078e+01
1.260273436172590777e+01
-1.421214225255653218e+00
-2.738786030545909966e+01
-6.441379096654813452e+00
-2.389938339374268139e+00
-4.956063632817603093e+00
2.275795181113524634e+01
9.584010339105986986e+00
-1.351810143412926379e+00
-3.617599342297410203e+00
8.808457189953628585e+00
1.191492693513728796e+01
-2.629452264594419830e+00
1.819010149995928316e+01
2.046254197971259714e+01
1.829197727547327190e+01
5.316072876405172565e+00
1.091661517578539531e+01
1.202833000712135458e+01
2.234291488128832270e+00
1.029071404682160562e+01
2.481751484325513957e+00
1.195891762828425442e+01
-2.373597154974527257e+01
5.832234057246679981e+00
-3.404030047537574433e+00
-5.026120890164172295e+00
7.502954330483770917e+00
1.013613524400584964e+01
-2.511191165761324839e+00
8.291682430134724058e+00
6.300334966045696206e+00
1.604520301391320913e+01
3.345958781510250901e+01
3.257260385568997663e+01
3.592231338623935244e+01
2.219390094791819479e+01
4.145587424089005424e+01
3.102609979907404636e+01
5.875997115968817752e+01
4.139911874981888218e+01
-2.092622431414443440e+01
-2.637325218703554697e+01
-1.233780543266469465e+01
-1.989948968301064269e+00
-1.698753616988781801e+00
6.156756104893048587e+00
5.661672608748062885e+00
-2.670755294693202586e+01
-5.605643518829452887e+00
2.556158027926045406e+00
1.690145526650212560e+00
9.621846839757026260e+00
-9.884493629669577786e+00
-1.732563690777266174e+01
-7.939074102364997998e+00
-1.463392077564432725e+01
1.022375490848000368e+01
-6.418734532952100835e+00
-1.249096170663290195e+01
-1.595955959160551174e+01
6.800860590503020831e+00
4.743743866533449705e+00
1.230711717621807111e+01
-5.729239591819577981e+00
6.424001464277665718e+00
-1.005602768735765551e+01
1.523459306791941970e+00
-6.582686103151218049e+00
1.644632315275197243e+01
1.415704777944884540e+01
8.222903775323430864e+00
2.300232801716482811e+01
1.246145882142148054e+01
4.717841127605879592e-01
-7.789722033887386488e+00
-4.447382671356791661e+00
1.465977770718865258e+00
3.484376185063410958e+00
1.254822240939436995e+01
2.052782276864488864e+01
1.748114602716684374e+01
-1.986205572753647175e+01
-6.681072825299558815e+00
1.507523842619620780e+01
1.330510116698009426e+01
7.419916909342759936e+00
1.827714598764771381e-01
-2.583367910936559042e+01
-1.630590606851495750e+01
8.848919978325938018e+00
2.592282695011360971e+01
3.222054172501032099e-02
3.548745882310761601e+00
3.059705966074680816e+00
1.040712277654708906e+01
-2.047677567818599442e+00
-1.721916220558060928e+01
-1.747847396580219481e+00
-8.174811828470836872e+00
-1.686669928668897711e+01
-8.822262662806251043e+00
-4.451626354377269834e+00
-2.230727297642387441e+01
-2.521057489598474888e+01
-2.063034631541250974e+01
-1.180011155204296358e+01
1.613808207907072045e+01
-5.738360044039616525e+00
-2.965341884081214019e-01
2.875418385857869907e+00
9.500458234390679024e+01
-2.357312845945245527e+01
-2.583294504880918652e+01
-1.416195426524965306e+01
-3.355863742103452552e+01
-1.567198743756675583e+01
2.224356041511912352e+00
-9.184086016865535385e+00
-7.267556618551550329e+00
5.277387632199659606e+01
9.276540626129246903e+00
4.339497491912851501e+00
-3.386568157586310690e+00
3.021743932523911269e+00
-1.103423524313886972e+01
-1.212819410792222641e+01
-2.155741359821779213e+01
-4.250792901138353841e+00
-1.532928574792143195e+01
2.343936522300225533e+00
-2.667255585915867755e+00
-2.710361799298057406e+01
-1.088196441670250181e+01
-7.199911597644792494e+00
-3.894981761909548368e-01
-1.238149679295692351e+01
-1.952648492413087666e+01
-1.933931541692967926e+01
-9.757355411178039617e+00
-2.197210304995681440e+01
-5.139806943655202076e+00
-8.470096284628652938e+00
-3.922792262156946208e+00
-4.002184403409147251e+01
-3.006708695673803788e+01
-1.786591244330548989e+01
-1.244798463948594502e+01
-1.333623838571244136e+01
-3.886983484694923163e+00
-7.466006751112225004e+00
-1.010581222147465041e+00
4.849888725895240782e+00
2.465939981663034075e+00
-1.799729538467560985e+01
-2.095018360115067324e+01
-1.288892000001985849e+01
-9.858576079190434882e+00
-1.037549407806364599e+01
-1.086619808031145595e+01
-1.139887951525861354e+01
-1.004382390677658066e+01
4.779191193839160690e+00
5.586774377569952321e+00
-1.007313819590119408e+01
7.250239224229886759e+00
1.008319660000551110e+01
-4.335348175205297139e+00
-9.670514816397673741e+00
1.517997776153394796e+01
7.784607265891864358e+00
-9.567634161678881810e-01
5.664517158738050284e+00
-1.931301527709306498e+01
1.814789633672532077e+01
1.265920508933037603e+01
2.085927576347695123e+01
9.903709459670521298e+00
1.373654550654554818e+01
1.324146712581285357e+01
1.344679232956962878e+01
6.285599193009066887e+00
1.005618533529301928e+01
4.177801631576461006e-01
1.159470429034962180e+01
1.128138536388436464e+01
7.926537621346036566e+00
4.078079249119099359e+00
1.198398785043089276e+01
7.924644609132158735e-01
1.516413794096216705e+01
1.242508569981112032e+01
3.650560370228590035e+00
1.357924601662543296e+01
-8.456558441261101677e+00
-2.730069684758824167e+00
3.168125217771423152e+01
3.318493744259432532e+01
5.440162269239564807e+00
1.541140147785792891e+01
7.641295501922044764e+00
1.127948997890896976e+01
9.091527768516478147e+00
7.381002596334887755e+00
9.531794516498546699e+00
-2.199246985751557304e-02
2.742392762887405411e+00
3.030124040428896492e+00
7.618145404554411471e+00
2.871520769600152789e+00
-3.433441438712911520e+00
1.746096189553099975e+00
1.504561290377624516e+01
-2.112878882820322701e+01
-4.572406776707445175e+01
-1.152255319003860734e+01
1.121952441960038627e+01
4.162536419565725510e+00
1.691596401557126228e+01
3.310506136710671399e-01
1.470659698392317694e+00
2.424927395164175437e+00
-7.727086604885769816e+00
2.327899041469017050e+00
1.276251041199671477e+00
2.721042481488883880e+01
-7.317278382488261457e-01
1.407937339936908216e+01
-8.274435680858481135e+00
-3.404900535241182524e+00
-4.421510381476636553e+00
-7.899182570117645241e+00
-1.777101342122256256e+01
-1.294724716329951875e+01
1.326466249282219678e+00
8.895032117770949043e+00
-4.576760416364834327e+00
-3.949501607436921802e+00
-1.493789696921474963e+01
-1.409029495158797829e+00
-3.892814298353641789e-03
-4.013860965887658949e+00
9.563731971935112597e+00
4.427875033147429917e+00
1.599294037957449177e+01
-3.175074669289557505e+00
-4.318240897427955360e+00
-5.148317708238259627e+00
1.023859857407007468e+01
-1.168574529087905489e+01
-2.885999935603523525e+00
-4.234475098816687932e-01
3.003936246876133254e+00
-7.843936912661263250e+00
2.930455372423310223e+00
5.249676976711683096e+00
-2.271464363655738339e+00
-3.638828699877564077e+00
-3.434359003344525263e+00
-1.320731137397373800e+00
2.438729385436737118e+00
4.028251305634142909e+00
2.313152556388686776e+00
-1.679480197022016341e+00
4.005023022279274869e-02
7.781130197173297347e+00
1.370352587075118578e+01
-8.557891096387869823e+00
4.377541953749698678e+00
-1.561583621577926806e+01
-2.361774881994409725e+01
-1.793251172664140114e+01
9.952271003132860727e+00
-2.300079020253474482e+01
-1.176965776795466034e+01
2.548503765683010869e+01
-1.716202840327627754e+01
-8.306643399917055248e+00
-1.245072151370675284e+00
-1.818516427258541412e+01
2.165638217590284142e+01
-1.555465691650681137e+01
2.138368800649494972e+00
1.103561830657861265e+01
-1.308297771693729317e+01
1.532690813394381735e-01
6.164515832564926967e+00
1.718716656036891521e+01
-1.126506266647304599e+01
2.647826178847729750e+01
-1.139328258586287745e+01
9.489897583944104653e+00
1.454161423769043182e+01
9.079979247669491826e+00
1.423352003043353875e+01
1.199750773001379933e+01
1.999609217806706596e+01
1.066599508291868688e+02
1.165980841991395209e+02
-8.476131346940540823e+01
-5.686304183169447413e+01
-3.463839244494049296e+01
-4.118371752477304426e+01
-2.376641189746908367e+01
-1.596516883438811618e+01
2.438960611757281072e+00
5.444388597193878354e+00
-3.235538285513175794e+01
1.317741408055017871e+01
2.778587573960746226e+01
-2.280754476404410269e+01
-2.180692710949972479e+01
-1.354042936170623079e+01
-2.977598734965607719e+01
-2.463637501799333052e+01
2.484199675502026139e+00
1.673747437559725881e+00
1.526528138791368860e+01
-1.147437586198202553e+01
-8.903634216384226363e+00
-3.099559351375106075e+01
-9.370344238361866473e+00
7.817297093780069872e+00
-1.138696921683134633e+01
-5.349601775991573049e+00
-2.662813339904417376e+00
-3.748383059325860245e+00
3.698334713566310938e+00
5.499930157883298421e+00
-1.213780619107316738e+01
8.247267207811546541e+00
1.508018371982728922e+01
1.678662731441445288e+01
1.287341506143349790e+01
1.510083905156122341e+01
2.392636704947413762e+01
1.985690613180403830e+01
1.182886872626113473e+01
2.621026729153847157e+01
2.754809595965304680e+01
8.822595979060956495e+00
9.802609179458563915e+00
3.392431595352077522e+01
-3.654800063078432970e+00
1.523073266937146997e+01
-1.999783221143966827e+01
9.605940363465684584e+00
-1.246844621152076371e+01
-1.034133020529607272e+01
-3.787150348093319963e-01
-5.092854423447228385e-01
-2.025583604083838196e+01
-6.194017364092303524e+00
6.277555738756056769e+00
5.342934538719445570e+00
-1.654447810439622657e+01
-1.528770954346868294e+01
-9.704250645473400994e+00
-1.637163487217836177e+01
-2.152450513923363928e+01
-6.187740895946184594e+00
-5.275781466361834759e+00
3.480511786848339284e+00
8.575636195805927287e+00
-1.889258751240586420e+01
-1.318044905107460352e+01
-5.167535961103668640e+00
-2.276862775508406855e+01
-7.868143988357841678e+00
4.137422004984273372e+00
-3.858001095388379653e+00
-8.167645800339663253e+00
-7.118724910761496716e+00
-5.785747549920796651e+00
1.072055607026074320e+01
-6.872112704498931635e+00
-8.155449835706626516e+00
-1.286890673083984638e+01
1.050710088759956307e+00
2.453707429054396982e+00
2.698449889359305232e+01
-7.368249260838020120e-01
1.637992351158066384e+01
4.993160665046261215e-01
-4.557072553037881946e+00
-4.549364351136766516e-01
-1.062052284449094941e+00
-5.904620801000238117e+00
-4.662747477552121822e+00
-5.773766704017234019e+00
3.529540313667687279e+00
4.330508624556703268e+00
-2.958758271043159027e+00
-7.269162615822999385e-01
1.507981541558903871e+01
-1.049435320470651867e+01
1.998016803995255941e+00
1.735678945804276907e+01
2.865337411485876729e+01
3.539605207684954902e+00
3.049440115006511576e+00
1.218645357938370211e+01
-6.673985233844053511e+00
-9.797840560507424357e+00
-1.092274585765348860e+01
5.840261460682604877e+00
2.972937883442035201e+01
2.268475951421357450e+01
1.588925304763058932e+01
1.053050324113192460e+01
-8.155400182297682932e-01
8.504876380225127264e+00
1.054445997717905925e+00
-8.177726445412474732e+00
6.657527881434418759e+00
-2.198510467199973561e+00
8.368094422209544803e+00
7.704600805849253220e-01
-7.922631642095666393e+00
1.155944143172656169e+01
2.203145288973627203e+01
1.142615456251984796e+01
8.059279304699629165e+00
-1.656379179922733158e+01
-8.349817674829722591e+00
-9.891845383861223695e+00
5.572666737278083815e+00
-5.190076909302888453e+00
8.644410508145270455e-01
2.190402235452693347e+01
-1.319172872887185122e+01
5.874677271527303901e+00
8.802230005937047963e+00
1.957112540086158958e+01
2.520190755986388709e+01
-7.827732816898418378e+00
1.058342094290138391e+01
7.330158437900706758e-01
-2.208177964287273198e+00
2.037121106841816243e+01
1.225664845508711664e+01
1.418663108608563306e+01
6.091784933480326458e+00
-8.089309340472738086e+00
2.474620310696196057e+01
-9.889248907087967666e+00
-1.180991177352837695e+01
-1.408355156314797796e-01
-4.935039185942429185e+00
1.492399538094002764e+01
6.883720529703040825e+00
5.479853803347580765e+00
-5.067137510439749803e+00
5.422783228603975658e+00
-9.933620382889699840e+00
4.829651712128821828e+00
-9.641860883257606929e-01
-1.681141584741914130e+01
-7.548596015507769152e-02
1.837408904354357730e+01
1.585004608846631413e+01
-8.676356660537464904e+00
2.099553684870966208e+01
-3.886452446024973995e+01
-5.411555736075897016e-01
-1.436272364563524206e+01
-2.777827447122987792e+01
-1.168023232420006963e+01
-2.201560320426384720e+01
3.150667345912722794e+00
-1.213302822685456306e+01
1.442059952717087867e+00
3.107914658321803358e+00
-9.086342108271225015e+00
-1.302425293720796162e+01
7.435916863211478756e+01
-1.884963729038304336e+01
-1.777034211299010735e+01
-1.610289706684914535e+01
-1.315348695773835175e+00
5.673882877235527644e+00
-1.096671069049416758e+01
-7.185195773496701577e+00
-2.209450916950898147e+01
-1.970804833049059823e+01
2.295121881899163441e+00
1.234458243900598973e+01
-1.992585346792708378e+00
-8.309457939132258275e+00
-1.371532484496498228e-01
1.610986577065901315e+00
1.199047842576706557e+01
-8.254560081903491664e+00
-2.783875350078218958e+00
1.585732555633671836e+01
-3.935187312349043509e+00
5.464515154227868265e+00
6.362617708772098979e+00
1.251267409565141975e+01
-1.820033739216816571e+01
-3.117506127283773765e+01
-1.014558334392699379e+01
-1.174195105063600408e+01
-2.493045355553306308e+00
-2.292275239684425969e+01
-2.846364839127843993e+01
-1.816671225396856926e+01
-1.956500440893665171e+01
-2.584602730555963035e+01
-2.062520442666117049e+01
-9.327607305019270711e+00
-2.548274895720389566e+01
-2.975784063332699247e+01
-2.281393966441736865e+01
-4.153881105403490892e+01
-5.393586347397247494e+01
-4.790409441700985838e+01
-6.696732059486355126e+01
-1.595676147210282636e+01
-2.489926551818700773e+01
-9.194784284689163201e+00
-1.322268410896129964e+01
5.978869004717822122e+00
5.827927681858589892e+00
-7.947411239734279320e+00
-3.684740426935647406e+00
-4.356206185947399945e-01
-1.713868272211152544e+01
-9.522017819718882947e+00
-6.419425815324252937e+00
3.872406772439276779e+00
3.238698097595730019e+00
-3.552428484284849475e+00
-1.098161553868474982e+01
7.157013635539627217e+00
3.257702309656103523e+00
-1.252781979795147294e+01
-6.243999586350525988e+00
6.512545530958291806e+00
1.583802720869929814e+01
1.427895532550605395e+01
3.357540454249852502e+01
5.880114848490451607e+01
2.254415335085442607e+01
9.070032233821430623e+01
9.385219011962463753e+01
4.480554315214784822e+01
6.408475579670920297e+01
1.784844434706752025e+00
1.394297546321377723e+01
-1.061061703713718529e+01
-1.140133550445057153e-01
1.793895039364026900e+01
1.253094103723384478e+00
-7.511068130882136984e+00
1.273796865880824214e+01
2.027318222832528249e+01
-2.312459876189002728e+01
-1.806645384586390435e+01
-1.047355356567031492e+01
-6.033487841265937845e+00
