-2.710748995866310906e+01
-2.233677788728675750e+01
-1.756353577926699927e+01
-1.147216186005061900e+01
-1.469485155222969297e+01
-1.661286498096626474e+01
-9.170824949479310817e+00
-1.477744175560576423e+01
-3.190233995406640588e+01
-2.192236824889420177e+01
1.741642721674566019e+00
1.087788420778650789e+01
-1.374387695848622570e+01
-7.366106739550275506e+00
-1.192655951896358602e+01
-4.173411842476684797e+01
-9.535213792355307305e+00
6.302770920743682836e+00
-4.492923953320882902e+00
5.071758446360433936e+00
7.469046666529777667e+00
1.403124468681119197e+01
7.246515308066250327e+00
1.544327832591670813e+01
1.167014379784899347e+01
7.928339224974990884e+00
7.464004767168376020e+00
4.343314996836340924e+00
2.718023074167393816e+01
-3.089737468970383816e+00
5.942769118908529435e+00
7.766157598521630234e+00
8.460020784830561524e+00
7.492489120892798837e+00
8.025713923507254322e+00
2.099393683678243860e+00
2.909522030627073264e+00
-1.340647638491816451e+00
-1.175960698734445486e+01
-7.201155198617925635e-01
-4.128967201616273996e+01
-4.355321330683432279e+01
-5.239394288427627089e+01
-5.666172881122417948e+01
-5.107255164722437257e+01
-4.569711064226908093e+01
-6.799609517537373904e+01
-2.433589742094397934e+01
-1.297805521247914839e+01
-3.139605390339511359e+01
-3.711650606639011585e+01
-4.973019411725977079e+01
-2.902706180021573346e+01
-4.157642216448925865e+01
-3.148262622345657746e+01
-2.449076987230614577e+01
-3.239885273015329403e+01
-2.442072700864275703e+01
-3.017714306537232005e+01
-4.465394076082475294e+01
-2.826149412758456947e+01
-3.459118762143339154e+01
-2.595805776531597076e+01
-1.111978785806252290e+01
-2.977408308743622456e+01
-3.991093573013847617e+01
-1.683600058044703474e+00
-3.120748305297934166e+01
-4.580679290973193929e+00
-1.916398982752139091e+01
-2.459588419609644916e+01
-2.276032218359750914e+01
-1.802841799293952363e+01
-1.617256556023545500e+01
-2.454838217992289628e+01
-4.828989007464315364e+00
-1.259562890390373013e+01
-1.094569193916652239e+01
1.052984014326565898e+01
-5.721978607247365289e+00
9.952473926533230042e+00
1.970104233938161542e+01
1.247603827335348115e+01
7.630433971842933261e+00
1.516556491636606552e+01
9.801328758537124486e+00
2.580605029471502121e+01
1.292219851731852032e+01
2.026560008769877186e+01
1.368172208530560852e+01
2.028178186848742826e+01
1.955844367518361082e+01
3.016783044125162405e+01
8.891080282944699320e+00
2.053361813884276899e+01
9.868391928756125253e+00
1.827400224594148881e+01
2.479668336470052736e+01
1.242653073408973796e+01
1.001973059105078789e+01
2.693850962228378876e+01
1.810038811241100376e+01
1.103324495376907066e+01
6.109163624976440943e+00
2.189157285008441534e+01
1.274758493727951247e+01
2.081592711663546424e+00
6.171919978813395602e+00
9.075724011798911306e+00
2.183114537537625921e+01
-2.955032569740012605e+00
5.674118969551696523e+01
2.055641609744799325e+01
4.188667974478676115e+00
2.378962841426621821e+01
6.274835165319482044e+00
1.311764748677941483e+01
3.034941492177911471e+01
-1.545103491337066082e+01
-1.204489823143744864e+01
-8.393373825514336417e+00
-8.766419081983478634e+00
-5.721165897086151197e-01
4.005041614494295743e+00
-2.619857075463752238e+01
-1.551680780228227974e+00
1.695623625652815463e+02
-1.097488431903741457e+01
-2.008564241511925275e+01
-1.457868572927787909e+01
-7.773950734615880265e+00
-1.104049170723533280e+01
-9.739869449990351313e+00
-2.746691037478268527e+01
-3.466757745331449314e+01
-2.062813747227824024e+01
-1.832237365443722865e+01
-2.162398361939148117e+01
-3.356416035858785563e+01
-3.046977758965743988e+01
-1.411544986677841962e+01
-4.791129673803425248e+00
-8.569927866773127789e+00
1.116757380626069107e+01
-1.836496229116977474e+01
-1.781947979323206255e+00
-5.023861445481827559e+00
-1.207485379134783443e+01
-1.905477516464765131e+01
-2.492181655449047639e+01
-1.830732680313724359e+01
-1.809428699093405157e+01
8.265809158218758057e+00
9.302278771466490070e-01
3.015931453340385815e+00
5.571824741251418800e+00
-5.042382097862684986e+00
2.810210012880986596e+00
6.419415390009817202e-01
-7.432571197244442374e+00
-9.214038377960946491e+00
1.940532992975038695e+01
-6.326961420200404973e+00
-9.568092855259948237e+00
5.833618381373639750e-02
-4.802065169065201644e+00
5.620000134545534820e+00
7.970914153366663868e+00
-1.755678697363947549e+00
2.047371692920989972e+00
-4.906969270729177879e-01
1.653252135014145097e+01
5.527034295445616863e+00
1.088687050896949415e+01
1.571151054716050055e+01
7.516244531474171708e+00
8.495354980299225645e+00
-1.566109061172937800e-01
1.067063290492413330e+01
1.570488589745480112e-01
1.034137009340322777e+01
1.645481261875485401e+01
3.379127814379837957e+01
9.534213762812470350e+00
-1.424000461963508712e+00
6.843679170522916522e+00
1.229499589055042463e+01
-9.592705970843127261e-01
6.254558924038391865e+00
4.339423183837283204e+00
-1.474530465634310872e+01
1.984411393391404488e+00
-3.867858584104858721e+00
7.703404149484583741e+00
-4.703435778066875628e+00
5.934317519644793038e+00
6.898334210578866532e+00
-1.628995900677168152e-01
-4.576872225310093967e+00
-6.243042066032302273e+00
-1.110428299984256739e+01
-6.612920074938003268e+00
3.957681826417726256e+00
1.656884465024894837e+01
1.781589614218754036e+01
-1.093610201790943393e+01
1.060885039841878097e+00
1.619932395766255695e+00
-4.331653301088437047e+00
1.323968441499573601e+00
-2.421630944365460891e+00
-1.645454787847171474e+01
-5.871006056916485250e+00
-1.562950820776862315e+01
-2.509220111672524922e+01
-6.414114236028382265e+00
1.642352876692939390e+00
5.865544210071476527e+00
1.597782423548878228e+01
2.197458865763266544e-01
1.102903488714400737e+01
1.514799227464899545e+01
7.743467995388385816e+00
1.091659137502205112e+00
-6.672784601917754799e+00
1.727868469727695810e+01
9.948257934651110190e-01
3.906752466428315529e+00
-1.070544459531234338e+01
1.268922872574327698e+01
3.039982568666985685e+00
-1.196754831099116245e+01
6.008945505291308109e+00
-4.442360369754680960e-01
1.030848123533689886e+01
5.785013118976564783e+00
3.913017806385141739e+00
2.319913946190933984e+01
7.836605582682466320e+00
3.445705268919226683e+00
1.116113239695131654e+01
1.677793422142798363e+01
-6.255893816800721652e+00
8.842820998196245341e+00
9.599039167592167132e+00
1.897968606038384110e+01
-7.320379671901008578e+00
4.768760206728131834e+00
7.435170576409575460e+00
3.080480289363038082e+00
1.528614433907159764e+01
2.843088478797767493e+00
-2.808410151297636048e+00
4.807538454305301912e+00
1.362134014964431117e+01
1.079990540132550336e+01
1.459456903477482115e+01
7.832923034952898433e+00
1.560585449468359798e+01
1.104865269595052268e+01
1.512288284946930617e+01
7.015563921288730853e+00
7.886439015859878054e+00
1.273878025588368246e+01
-2.928399139645250671e+00
-1.015392261262661577e+00
9.607241381526137047e+00
-2.474458039148657917e+00
1.270193766081983711e+01
1.091413543871286151e+01
9.708781234942705396e+00
2.070316498725406973e+01
2.527311170166854026e+01
5.815321661254074570e+00
2.276632805643188817e+00
-3.120706496266905106e+00
3.439466796137907068e+00
2.010749107542551428e+00
7.800637859517649986e+00
-1.196981567769073074e+01
-2.416472197621178353e+01
-4.851526038031933297e+01
-1.425634428910555584e+01
3.702141940777329054e+00
-9.731782475767225549e-01
6.349029613050156229e+00
-3.789237413472164917e+00
-4.886994191432902923e-01
-2.292631547374435286e+01
3.196820568462783285e+00
-1.046399897598058715e+01
-4.223152008111355826e+01
-2.280585371639470793e+01
1.150890537980842510e+00
-4.062725332031874359e+00
-5.758766602437077609e-01
4.256516504613131247e+00
2.987725726725474829e+01
1.975676578655858862e+01
1.563388728169925912e+01
4.209330097590415676e+01
3.575671588120239619e+01
6.466757299219722199e+00
4.822840449164918653e+01
6.437621772321251967e+01
-1.923157397202811580e+01
2.418866890493475807e+01
2.595187469656681856e+01
1.863761839286860322e+01
2.784693340248497861e+01
3.273016860167217601e+01
3.114718563506301052e+00
7.854798471681874616e+00
4.027107466481902520e+01
-2.901726209735056727e+01
5.685159869305323355e+00
2.400422493581817207e+01
6.625814404882191866e+00
3.891011672240267671e+00
1.424021812215090677e+01
3.139806696734297020e+00
2.225178780292830538e+01
5.800051328184736121e+00
-1.158984351878814323e+00
1.519949340382828495e+01
6.279676859082542251e+00
3.441904563254070126e+00
4.594755358506859011e-01
2.547183443816294357e+01
1.038766499165433288e+00
1.636691683490244031e+01
7.964221480023809363e+00
3.584069269263295610e+00
2.336946005410709404e+00
1.343316925308386089e+01
5.973404542160039910e+00
1.953568897821179462e+01
3.841113645609090099e+01
1.659422939990071200e+01
2.313403896856846131e+01
3.160087030445004075e+01
2.563547137143166310e+01
2.644730210262878245e+01
2.797958597574256601e+01
3.419066830519983569e+01
1.595667365922949443e+00
-1.786407320579598945e+01
-2.025618476742585017e+01
-2.841807411802699335e+01
-2.114911583958462415e+01
-1.298269954828816708e+01
-2.168867146465385076e+01
-6.837246860490665767e+00
2.443887468894615722e+00
-4.801722981054365391e+01
-1.946714901854988966e+01
-1.714765510360194867e+01
-1.756499221140967393e+01
-3.514280264662113495e+01
-9.616273520677083297e+00
-1.314823272243791052e+01
-2.643334326470346696e+01
-2.501398879794533059e+01
-9.383720532540564818e+00
-1.729010759542842379e+01
-1.048374894040671279e+01
-2.087705584153525251e+01
-5.632731642478518097e+00
-3.780162539288994594e+00
-1.287327666291560035e-01
-6.524709337157844402e+00
-7.845202325476861915e+00
-1.531073668014049360e+01
-2.782220614188325669e+00
4.366494713579925246e+00
-3.433736726568866970e+00
4.872187826745602024e+00
1.863534037281368683e+00
-1.543234725406080088e+00
1.175571873876091900e+01
4.529940884822707403e-01
9.995360513908593703e+00
3.915569690483266641e+00
1.084032458861571513e+00
2.171793696579393895e+01
2.344065836596094243e+01
2.530209578380889468e+01
7.360291630701468080e+00
1.590324019659344401e+01
4.134178583007056318e+00
2.081278443991024574e+00
1.292148599146501908e+01
-2.513868877158387249e-02
8.311698163723605148e+00
8.529536083356097365e+00
-2.598618986973448841e+00
1.133809498954093442e+01
-1.342685515637062110e+01
1.491359546432862260e+01
-1.614392401233719454e+01
-3.380618935022773996e+00
8.582152538589983948e+00
5.356468937445811207e+00
-2.340617345021342999e+00
7.610290770437124763e+00
3.164761881994385462e+00
-2.041074889941754122e+00
-7.820267104409666103e+00
-1.054335197571016636e+01
-1.721549414778959886e+01
-1.597138135907019318e+01
-1.527901105712396657e+01
1.016292407928449393e+01
-1.092065457196173384e+01
-3.449022747379834186e+01
8.032286701647421978e-01
-2.909377110471780270e+00
-1.902254118508000147e+01
-1.094104886351649952e+01
-6.635314657275387162e+00
-9.539687560748149053e+00
-1.656085864320327516e+01
-8.565907808846219496e+00
-1.180180571172076043e+01
-2.974795387089136511e+01
-9.023725978618870158e+00
2.553817386292593028e+01
-2.622166004887901636e+00
-3.799783127654109194e+00
-5.677460430864442742e+00
-3.308079201051043583e+00
-1.367460732123993239e+01
7.309553189631969872e+00
-3.521838010489659609e+00
-4.810541010217946223e+00
1.577532636170388969e+01
2.330397905485546062e+01
8.048785163250443020e+00
1.929208086349115092e+01
1.887208635439787230e+01
1.709271459553700367e+01
2.374654963149623654e+00
5.893010922869166279e+00
-1.013905652089158593e+01
4.517568363862096703e+00
3.714217991168766275e+00
1.863134410197244506e+01
1.424216787836130038e+01
4.026526861805166391e+00
1.175700163828821587e+00
2.651431802044066899e+01
1.225954666228687984e+00
6.291249485263847419e+00
9.963515876299879892e-01
5.209842654066164869e+00
1.265726078674089194e+01
1.884614311719462876e+01
6.167572855822072597e+00
7.989168589216717464e+00
2.162098624604630004e+01
-1.359886823543348555e+01
1.057838438645495671e+01
-8.542801621274520585e-02
-9.592622691020892489e+00
-6.457516567172092437e+00
-1.784706352236190696e+01
6.764447042072958993e+00
-2.321990351151555387e+00
7.791953325136262265e+00
8.515275167396026745e+00
2.048060669347015050e+01
7.901506365576096869e+00
9.728230874201699407e+00
5.917820320715350135e+00
-1.290441675884994766e+01
9.646364406364796196e+00
9.968200914600572560e+00
7.405150940743624233e+00
9.722347867661881082e+00
1.277841324170043436e+01
7.417245524840382132e+00
1.231589279524257563e+01
1.362557081835893769e+01
2.989620693916293703e+01
1.194377323256298951e+01
1.690238464795402251e+01
2.043153584096853592e+01
2.466670094583804485e+01
3.007855648120073511e+01
-5.026263069595188426e+00
1.190815369852538197e+01
2.797091476656817122e+00
1.277313136476237787e+01
2.366628399352123324e+00
-1.365241614432898132e+01
2.314158136273590571e+00
1.722549763777880116e+01
-5.489118243571340372e+00
-2.198980513539913773e+01
1.869884173513582937e-01
2.665291757618206248e+00
1.265370714427655230e+01
4.969616391288127488e-01
-6.231562161252156784e+00
2.930804984831638649e-01
1.831776069440775245e+01
2.331945644089620373e+01
1.118976327657378533e+00
4.175272418154179377e+00
1.032033503685210007e+01
-4.496622680409473105e+00
-4.802837820370484678e+00
2.868558968028196432e+00
4.048190707890228168e+00
8.938060423100353091e+00
-8.309788067503717457e+00
4.325757520485979057e+00
-1.349298455686439979e+01
-5.055936163341243628e-01
-6.108494554896054751e+00
-2.002124647426398951e+00
6.569228337908668891e+00
1.839774548878099836e+01
5.939866818398854775e+00
7.197396228076598845e+00
4.665728599854617187e+00
1.137564341841959958e+01
-1.167585249028212502e+01
7.999179343452254898e+00
3.432514615231127664e+00
-2.443457618675296317e+00
1.257908234994565078e+01
9.671449164065165860e+00
9.403485652571475839e+00
1.541219765329628899e+01
1.929767300228292015e+01
9.823440006961106974e+00
1.177722770346747438e+01
7.104523246305888051e+00
1.355407517262972306e+01
1.441999519728636869e+01
5.138766691508521944e+00
1.502442094867083711e+01
3.826771201554151958e+00
1.860741700054796866e+01
-7.633613721863184765e+00
1.082434564341335204e+01
1.054644760223863642e+01
-2.708182968385023059e+01
-3.968642983060448159e+00
-5.132515762360640110e+00
-1.027905947572496359e+01
-4.536847024404195849e+01
-2.257415492505722909e+01
-5.415554593252437598e+01
-3.527649273837877786e+01
-2.497549254652153650e+01
-1.551643030334048490e+00
-1.626660837384162051e+01
-1.770496449518645932e-01
-2.799221033107642143e+00
1.473521537353070698e+01
-7.454870921145413831e+00
3.598036641955218329e+00
-5.803757483721597055e+00
1.230987341032914628e+00
-1.427489178606305131e+01
