7.864375189651050313e+00
8.077654743316921682e+00
7.700195206719579133e+00
7.847430160107407460e+00
8.206314697388798152e+00
7.771328609691178890e+00
8.523094063907537432e+00
1.483412794153044345e+01
1.337997664190373825e+01
7.980016242268654914e+00
2.085025173596146786e+01
1.604463813686622942e+01
1.473201077349752453e+01
9.091715148296986015e+00
8.174400771467357885e+00
2.752610330535282301e+01
8.615285348016023192e+00
8.629975012313055416e+00
8.954890754922192997e+00
7.998214171831055985e+00
9.913252463508451129e+00
9.288909392567481049e+00
1.095688422051873268e+01
1.169783998193636165e+01
8.598930275169983872e+00
1.202579826710519839e+01
9.724704798948739182e+00
1.049530957134025577e+01
6.574030489542650457e+01
3.169048165237830972e+01
1.558086018808153028e+01
1.962145915394342310e+01
1.296578730413155967e+01
1.152560307160556263e+01
1.095744434538697654e+01
9.202043369002787188e+00
8.804059148537545454e+00
1.081153340554157616e+01
1.195383639167299350e+01
2.061552739784708166e+01
1.458917265457828449e+01
1.073190893042153959e+01
1.427310327045953109e+01
1.061731121799487632e+01
1.258808062633470826e+01
1.064499954250212710e+01
1.541592252226239346e+01
1.134081274106722681e+01
1.759748339250393556e+01
1.061814030178709523e+01
1.519567755399626563e+01
1.192005796481238100e+01
1.088490321022665341e+01
1.109727020335951408e+01
1.076198611291742324e+01
1.051924487390395058e+01
1.156546653729338203e+01
1.313363420705642248e+01
1.868005697589836700e+01
2.125256314181035933e+01
1.115545264027960570e+01
1.133260218519198048e+01
1.126811586076154548e+01
3.883624160808113857e+01
1.610193987754211165e+01
1.340867914074581435e+01
3.922968801391927940e+01
1.589932190609406426e+01
2.722938102274584082e+01
1.336720385068182360e+01
1.491546073862584088e+01
1.328553373122524661e+01
2.951556514437701750e+01
1.896612182395956481e+01
1.646974732290486898e+01
1.359809324862210111e+01
1.518439692388070306e+01
1.512994997864190161e+01
1.858649891756261496e+01
1.404009699232454800e+01
1.890027728629925718e+01
1.373512050501650172e+01
1.272488242690202753e+01
1.329720798959369965e+01
4.318565467439631789e+01
6.781031239785609444e+01
1.287398140567728433e+01
1.282918116736146708e+01
4.133358754539045776e+01
1.569032725376605519e+01
1.263079930454287947e+01
1.972167645395924751e+01
1.555531741626771769e+01
1.483376789850196431e+01
1.601953471484775804e+01
1.178367561258468577e+01
1.167536859551945838e+01
1.810973020758788365e+01
1.207761927300639826e+01
1.121938848913310771e+01
4.273339104028869428e+01
1.810286256239495017e+01
1.113938244138328848e+01
1.107487693888104729e+01
1.172583823920687784e+01
1.117900703356175285e+01
1.845276026178776263e+01
1.660640184172675404e+01
1.417474614970612912e+01
1.068772324070798696e+01
1.047748498035581299e+01
6.085178568525915210e+01
1.369491826988662453e+01
2.641263394719171842e+01
9.781413230522856495e+00
1.877932526991243023e+01
9.466787758682698950e+00
5.954336250149334120e+01
1.029070159096873560e+01
1.063119996201770157e+01
9.914671506355098529e+00
1.047138019686939536e+01
1.258660623100024090e+01
1.024405632821864742e+01
2.162288409168154502e+01
1.091361433185741170e+01
8.181832908061975829e+00
9.525326020363383606e+00
1.074308422251778694e+01
1.032039925919487899e+01
9.615051736030315155e+00
1.014877441083997311e+01
1.052741856942902388e+01
9.239102354306048426e+00
1.758516720726517946e+01
9.547549995507575105e+00
1.157255453943075985e+01
9.501796938162806683e+00
1.702236991580304348e+01
1.010363844057315319e+01
9.277148853924078509e+00
9.010160004920933829e+00
1.473765612689092741e+01
4.952220460582460504e+01
1.029456262991027238e+01
9.463230895517867225e+00
1.146713250799746930e+01
1.041602384754769517e+01
9.411726669286345270e+00
9.728444052622577942e+00
2.204877050411854356e+01
9.135578833228860773e+00
1.290897285883756140e+01
1.287787897557827854e+01
1.625494901936914971e+01
1.202499641060018298e+01
1.056491888238642929e+01
1.169414216234156889e+01
1.049997635716684741e+01
1.008034151423613878e+01
9.885569332963585865e+00
4.284704715425354493e+01
1.154526806053274157e+01
9.806414119950868979e+00
1.600064917854606961e+01
1.238651734467473098e+01
9.419991881495771935e+00
1.057499098604867527e+01
9.339437286411090611e+00
9.881182172910977002e+00
1.144331258164081078e+01
1.310260226078641921e+01
1.188633248613288629e+01
1.245029021737558317e+01
2.056856717387492850e+01
1.023178588738928418e+01
1.821416280392886478e+01
1.233686807051015677e+01
1.227343983964157026e+01
1.696886454658568510e+01
1.486530814808243939e+01
2.440054451734103580e+01
1.960863970369776155e+01
9.403051720214191889e+00
9.291943914406344263e+00
1.049517840837668459e+01
2.069989347581413242e+01
9.012538534945420565e+00
9.521116526978408601e+00
9.624881718987115420e+00
9.711861484378774279e+00
9.434864391518146931e+00
9.638733789086236570e+00
9.794847078954074249e+00
9.994073611270897217e+00
9.882148817358016757e+00
9.164130024933299978e+00
9.606470969995303477e+00
1.204556234622926958e+01
1.678989079224989922e+01
8.590270768481140351e+00
9.753138488309085474e+00
1.798825563560329499e+01
1.818442017915455011e+01
2.212521021525501652e+01
1.275840172324381960e+01
2.048900051615930096e+01
1.715361074024047738e+01
9.503966004033731707e+00
1.203234045331817015e+01
3.460810693053711162e+01
1.252951206602427447e+01
9.446573225324542022e+00
3.303626392860018512e+01
2.605277615762184595e+01
2.318128792906432523e+01
8.905286858895152591e+00
1.124693575422183045e+01
1.509837169650448274e+01
1.083235475661031799e+01
5.698460370684736631e+01
1.117922227346207187e+01
9.300678186482908671e+00
1.114886873770905495e+01
8.618666155235450432e+00
9.260839123422956121e+00
9.560885034614548417e+00
1.167952221709055749e+01
1.304586234184281146e+01
8.772597113076749054e+00
9.261821946327042809e+00
1.659908482276006225e+01
1.956820887148639798e+01
1.350327909514176028e+01
9.725388776881244368e+00
9.086789617568364008e+00
8.441183952037837557e+00
8.554428297804342662e+00
8.748889666079929128e+00
9.061739218349812219e+00
9.146823612915987667e+00
9.335144389764067796e+00
3.146277633756541192e+01
9.079818212949625433e+00
1.011185620051419143e+01
1.211226608316164111e+01
1.891558555386949436e+01
1.036211078302503452e+01
1.027454978888855130e+01
9.886512919074530004e+00
1.187236101123396104e+01
9.496116070573531687e+00
1.010175240912956873e+01
9.404642050245303864e+00
9.617117414489408489e+00
1.073711680274419855e+01
1.008862320592375639e+01
1.108172030359217608e+01
1.044410339205553484e+01
1.038129457221030272e+01
1.051564656023920286e+01
1.000969600550875960e+01
1.076067917708679644e+01
9.950370203545260139e+00
1.118638300066454683e+01
9.787197148142560366e+00
1.161321476655818685e+01
1.321519604390914004e+01
9.645665139851704595e+00
1.046531448595250957e+01
1.072571217567562130e+01
1.074868100427468676e+01
1.111064652856975066e+01
1.816487541250427284e+01
1.305988109239059547e+01
2.085386820335524405e+01
1.275057644750114605e+01
1.373074712884608495e+01
2.918574167369371608e+01
1.242339790325433668e+01
1.524621837824934367e+01
3.569470081970512609e+01
1.348384210331017030e+01
1.362715606023416903e+01
1.816671268389446681e+01
1.501262449366129914e+01
1.406201232899965348e+01
1.526176342116993112e+01
1.572739701849549299e+01
1.507126745395062528e+01
3.325165890701496352e+01
4.184583205024495811e+01
1.474419763484748103e+01
1.343185497646949500e+01
1.748702552299580404e+01
6.843642011909089717e+01
2.417251949282520584e+01
6.554495777653517052e+01
2.681988669529782499e+01
3.668305266640517459e+01
1.626348823907881780e+01
2.516178321680379071e+01
4.124258105913106931e+01
1.636349709713117306e+01
1.701481435221753458e+01
2.146981503485688236e+01
1.271504152812598143e+01
1.367956063234972142e+01
3.330541705619908299e+01
1.237273021978128362e+01
1.324330281694867750e+01
1.333145324330807036e+01
1.305764627518024312e+01
8.064137425206935461e+01
1.211932194522425910e+01
6.073079098323108838e+01
2.452615122673029902e+01
1.388702676857546336e+01
1.335155661734429877e+01
1.511204137116290802e+01
1.677712276394441204e+01
1.357305733521181246e+01
1.292052023088376167e+01
1.417234593902133177e+01
1.183632368409497992e+01
1.518960612952628075e+01
1.382055722219116767e+01
1.252421191073744744e+01
1.313739044234959685e+01
1.339921847662137289e+01
1.972508532413910842e+01
1.818675607262710869e+01
1.242057789843270399e+01
1.915647023962236872e+01
9.716722322584931959e+00
1.010674900769971352e+01
1.057757000978313933e+01
1.128049384951819256e+01
1.563740803219982567e+01
9.379114670588910130e+00
1.026955068015015371e+01
1.246778643571097334e+01
1.048748128317690842e+01
9.215113580963890882e+00
9.316714168765861004e+00
1.364453077497845968e+01
1.012747608178074010e+01
1.567675026817671657e+01
2.843875227872604583e+01
9.219214045767214927e+00
9.524857095075139668e+00
2.096648336179045913e+01
1.067943839850096133e+01
2.578650396365476638e+01
2.497496758344293610e+01
1.006373872116406964e+01
1.169058138031084582e+01
1.012242217329460381e+01
3.482412485247807865e+01
9.972441946658765488e+00
1.069893748242104436e+01
1.165625537387465016e+01
1.225269206687803880e+01
9.792113219620015130e+00
1.027771387974710215e+01
1.020156646752972485e+01
1.868943008314127852e+01
9.900649287682414368e+00
1.022267551674925734e+01
1.646219886710263580e+01
4.526249083811060814e+01
9.899102110229188511e+00
1.080255086767647654e+01
1.045454793530304194e+01
1.114995966713201803e+01
1.073058938962941866e+01
1.355523198009732511e+01
1.083203874654690679e+01
9.861620214008604890e+00
1.048514626662779925e+01
1.393103953625513292e+01
1.150587348172355284e+01
1.049826215960638187e+01
1.072992240007024201e+01
1.202658111930543328e+01
1.651022196473958559e+01
1.995680948938346333e+01
1.456144968594956879e+01
1.736877213157501387e+01
1.461995300880025361e+01
1.067637905675191412e+01
1.096325243725841858e+01
9.821360443636590887e+00
1.040922982116779671e+01
1.546953131341478027e+01
1.052140823177998818e+01
1.110301062109536652e+01
1.033967638047885274e+01
1.023980883813839782e+01
2.562500205565624611e+01
9.801006726186733076e+00
9.866194284139039539e+00
1.138688660275121123e+01
1.953167959797929853e+01
1.837241736241124102e+01
1.604720416460838450e+01
8.501950634847865729e+00
9.038332273658566507e+00
9.526625976876388791e+00
1.033601796942178375e+01
9.030772296091427620e+00
1.598571739745704967e+01
1.596638635371349224e+01
1.168992152744515778e+01
1.556165623261095377e+01
1.126250608240486173e+01
1.070393273918408461e+01
1.242982367191308946e+01
8.319735703254504955e+00
8.200547612458166213e+00
8.032131396285882019e+00
1.356276628502507187e+01
1.479709985888244361e+01
2.171317797942930383e+01
2.334525808698665372e+01
2.243580126381813145e+01
3.473949043563373351e+01
1.307695597298742918e+01
1.749438480806075091e+01
1.186232615167166138e+01
1.216444070329476368e+01
8.960631212483203711e+00
1.063082948172870879e+01
8.395280006647741544e+00
8.373135980562601333e+00
1.339501986465239014e+01
6.622750635968192512e+01
9.386454355801484795e+00
2.526961286882429647e+01
9.315079957492915952e+00
1.305655593821206217e+01
1.213752620283139017e+01
1.020454560254576748e+01
2.010596679717663449e+01
1.879283617315075006e+01
2.194098602754507255e+01
4.338675707091623224e+01
1.442859040359208400e+01
9.503270892611306309e+00
9.864250081494279954e+00
1.549970567356598394e+01
1.233043058090056832e+01
1.268240655780608961e+01
1.129123919587584268e+01
9.511342453419054266e+00
1.659581223371439407e+01
2.573152790995866113e+01
1.364272622563325221e+01
1.149317701490237376e+01
1.886538060290694929e+01
2.345167975578531383e+01
1.690611503203088972e+01
1.304381312656470726e+01
2.186134578445762955e+01
1.414942432839108477e+01
1.825590740926592304e+01
1.277223491206362027e+01
2.127177229666913050e+01
1.341623673618008716e+01
3.021877342818240564e+01
2.044091755108709307e+01
1.755498190441472062e+01
1.755129532853088392e+01
1.897035490223769472e+01
3.860897914332202419e+01
1.391085050953069135e+01
1.105849387948834561e+01
1.046879560600043924e+01
1.124049090007301110e+01
2.925689755057195995e+01
2.074532392714563755e+01
5.991651931709751722e+01
1.354134617895982551e+01
2.996667518799868546e+01
1.568172700199020220e+01
9.897108848218852728e+00
9.984789445463407631e+00
1.825661485697047226e+01
2.790531006805944259e+01
1.153026462731534174e+01
9.944292304481013645e+00
9.861687919502008626e+00
1.062858625243710797e+01
1.550686372178403971e+01
1.066827445541705721e+01
1.344615441200886430e+01
1.168944711568375716e+01
1.336628504102692006e+01
1.346277925303390077e+01
9.845221229929599360e+00
9.732531190803792143e+00
1.107281673404868272e+01
1.026726545399673896e+01
2.668712721115312902e+01
9.685992381648453886e+00
1.522521619343165078e+01
2.947729970622444284e+01
1.031687098416217729e+01
1.070644717386905853e+01
1.013805494420862807e+01
1.015453044963193285e+01
1.162688246091326505e+01
1.084118057443085270e+01
1.780921096180227536e+01
1.473274553058131531e+01
1.314327457727730319e+01
1.068896906631980492e+01
2.690980064076961753e+01
1.031990402906913395e+01
1.253364741739624577e+01
1.403235703406484269e+01
1.242448096989143380e+01
1.264913843716379205e+01
1.142423482125748002e+01
1.246657790660731457e+01
1.177006049416529976e+01
1.127676179605417950e+01
2.031465201129652343e+01
1.046415562975809266e+01
1.330350856476439603e+01
1.193236720560568820e+01
1.176238281627273352e+01
1.125249593969554773e+01
1.277145629523987402e+01
1.192733300565943111e+01
1.060389383071686353e+01
1.102980206981125200e+01
1.140952595249471102e+01
1.161847029306648338e+01
1.160503386286740479e+01
2.190336781270981703e+01
1.257935231914802010e+01
1.210337335703734318e+01
1.119469566576948161e+01
1.375181908466304392e+01
1.184320993339546924e+01
1.226426287228577117e+01
1.777008538098300860e+01
1.160660594719128547e+01
1.167536328448836080e+01
1.170858007144418167e+01
1.039228108651020932e+01
1.085403934191354125e+01
1.111425644492062403e+01
1.325903897838556844e+01
1.146768129772396172e+01
1.144542836464749946e+01
1.025518079987216780e+01
1.922158874019178754e+01
1.116794539672183362e+01
1.084473071906283259e+01
2.448523337061408967e+01
2.520263225685142316e+01
1.632134179688035402e+01
1.100496296614317338e+01
1.101722381132213791e+01
2.168829497563989150e+01
