5.756971312004282026e+00
5.365215791495459463e+00
5.654645807928710965e+00
5.925730235674198099e+00
5.825554595635701105e+00
5.887501707941508400e+00
6.627535360942655274e+00
1.061978243642346520e+01
9.485480997366050104e+00
5.536845159896076396e+00
1.363639515860649887e+01
1.039484966474239869e+01
1.008684591915825379e+01
6.079286360759987851e+00
5.892263446934307147e+00
1.818518781084317837e+01
6.023721677895788496e+00
5.860817033932117504e+00
6.194757834775128202e+00
5.498684020819643692e+00
6.668923113852242679e+00
6.425423317493623721e+00
7.515010956492552019e+00
7.955166255924662977e+00
5.863948147618026852e+00
8.074577562033082856e+00
6.804359925508178364e+00
7.278451858397278151e+00
3.785164533841740564e+01
2.188503959529665011e+01
1.058817716192951863e+01
1.211368792064599553e+01
8.525815726912034265e+00
7.689766483316815560e+00
7.425723236907543878e+00
5.885526894932398889e+00
5.995668539389429341e+00
7.793421084615919980e+00
8.150806622603449014e+00
1.509463194190410817e+01
1.003777722507115477e+01
7.027157408259114391e+00
1.049775777072504290e+01
7.304762469061814478e+00
9.074646963891764173e+00
7.322154470499138590e+00
1.078242704023798204e+01
7.308874350016603572e+00
1.213653210043421815e+01
7.178147373074912352e+00
1.007493480823372778e+01
7.860234740275060972e+00
7.746900484562103451e+00
7.822542371265861050e+00
7.476201944945056965e+00
6.857055821367853632e+00
7.362779258390603765e+00
8.338928869836136570e+00
1.238597223312800999e+01
1.535251519089410976e+01
7.765313714251067090e+00
7.540874881941393326e+00
7.582040796437166996e+00
2.605310965231877418e+01
1.085889928588479592e+01
8.844426438955478531e+00
2.659092539204638683e+01
1.024258323012982252e+01
1.870532164328276892e+01
8.917816695078863987e+00
9.924318663725511414e+00
8.459997209749682057e+00
2.224447821816390558e+01
1.209951322867793877e+01
1.097813869071511661e+01
8.882096208290072070e+00
9.453477957396952291e+00
9.254207803452937142e+00
1.156544491375458072e+01
8.935586542942289157e+00
1.312900091806400837e+01
9.297897422860604166e+00
8.415814836699111012e+00
8.482515833742523270e+00
2.646630527737367089e+01
3.660460316511446166e+01
8.093740844760192843e+00
8.589320405189846852e+00
2.669304484880229822e+01
9.892413073405643686e+00
7.813029822015974624e+00
1.273182567317622471e+01
1.046103363452608903e+01
9.842709673431468076e+00
1.066720870753960604e+01
7.744231382374496597e+00
7.552010979571697646e+00
1.058257459843627046e+01
7.519403961091692068e+00
7.233208313151116897e+00
2.778666382883239905e+01
1.120151933785419018e+01
7.386380886861849682e+00
7.456092763268257428e+00
7.650864293172318753e+00
7.344180074802928004e+00
1.252556206323505705e+01
1.119303355795527644e+01
9.458140976981614045e+00
6.919306527364577519e+00
6.879259916037514522e+00
4.042385319501917706e+01
9.507153649800375916e+00
1.548437448882261336e+01
6.486764272839081968e+00
1.197909642446090039e+01
6.275654912794792928e+00
3.849633472656989852e+01
6.984307951530836611e+00
6.932209159057556747e+00
6.888038852416928037e+00
6.858279426339406903e+00
8.294699761160716278e+00
6.268227713542357193e+00
1.589284405925108956e+01
6.908114582921457192e+00
7.037455607490027631e+00
6.425347471388209719e+00
7.209603265976839204e+00
6.521262886862809083e+00
6.268180890208514100e+00
6.455350073021046242e+00
6.960407152401133501e+00
6.506233579085420438e+00
1.227910025807302041e+01
6.657003764217712671e+00
7.760584367436544007e+00
6.449043386657632659e+00
1.254654187931629039e+01
7.018269154976463753e+00
6.524273632944276535e+00
6.295400195815863853e+00
1.012315586596956152e+01
2.812510164331796148e+01
6.478023998671176287e+00
6.347063719923115244e+00
7.216240646020480654e+00
6.833449017095847289e+00
6.309262207477839723e+00
6.648826317742744685e+00
1.409577229326473358e+01
6.430441218696818062e+00
7.958293307766346025e+00
8.148114333942556797e+00
1.061187614239417876e+01
7.507726158926486093e+00
6.492267277333108488e+00
7.186211936363564590e+00
6.773131914974072743e+00
6.746277442761417831e+00
6.194615721480351667e+00
2.915695370790535179e+01
7.452254477038060543e+00
6.468067978572352494e+00
1.040210671491190553e+01
8.278800325903031165e+00
6.510744692177499182e+00
6.757558445408838210e+00
6.158076440424570919e+00
6.552196878920474532e+00
7.292982990475008975e+00
8.218066270158031372e+00
7.757522482043072820e+00
8.730460971621640809e+00
1.303138974265520744e+01
6.642555534995747024e+00
1.113798319646412160e+01
7.947016264770701888e+00
7.718219057704548192e+00
1.030974735316881663e+01
9.765231999613435576e+00
1.530567730634617618e+01
1.249901070552150806e+01
6.042289042899521512e+00
5.783660045622342594e+00
6.633661237124414356e+00
1.316839296760937472e+01
5.989439163630166263e+00
6.605783797323246276e+00
6.112445994877715449e+00
6.294112995839558522e+00
6.323591583722498299e+00
6.123484414512326168e+00
6.305688482690134045e+00
6.624304564244684279e+00
6.528454393759715479e+00
5.903123037383434024e+00
6.459133338311457528e+00
8.361393615543301294e+00
1.175306878891175089e+01
6.071090190205999271e+00
6.199824769862546603e+00
1.251133347128483564e+01
1.279504302415651651e+01
1.490450942093997710e+01
8.425966061925631578e+00
1.436500898794578696e+01
1.207126029792312494e+01
6.305838557797977195e+00
8.202982263597908386e+00
2.563595630846829110e+01
8.222644024265095553e+00
6.291418601473444561e+00
2.179972597759913100e+01
1.735821972461177864e+01
1.696178319601130724e+01
6.045732026878959608e+00
7.844876722562339921e+00
9.767749281925057758e+00
7.560530820335691793e+00
4.283072337606736113e+01
7.581747349716651208e+00
6.254299913797674471e+00
7.599351063116391636e+00
5.800674784420692731e+00
6.489761382802281098e+00
6.422373389302598490e+00
7.981363743878165273e+00
8.825602456815534680e+00
6.490497059294641602e+00
6.463135802516451811e+00
1.242346765216778692e+01
1.351239991562410836e+01
9.034173471415853029e+00
6.520767964082610391e+00
5.958033779864670976e+00
5.889086190164205981e+00
6.134630267916280744e+00
6.252771797309976343e+00
6.194884643356463272e+00
6.338908386647954529e+00
6.320408099051268103e+00
2.067974504508662292e+01
6.220906239515248792e+00
6.692716496781640600e+00
8.188957134344462929e+00
1.350359544375351817e+01
6.824275224477984736e+00
6.787398425558680337e+00
6.836729246337682753e+00
8.264642853946540413e+00
6.619481260574136883e+00
6.736050222532403708e+00
6.775547161047564160e+00
6.761828380632810109e+00
7.521360787509345336e+00
6.881402687683876529e+00
7.687008465528977652e+00
7.540141433672964411e+00
6.881799006069045710e+00
6.907621203799971354e+00
6.698963442020577475e+00
7.277441449408065921e+00
6.604149518525883167e+00
7.804731602155293047e+00
6.665580580272555622e+00
7.584015050768723398e+00
8.968135929852401489e+00
6.781573618024937744e+00
7.442588979377549485e+00
7.107060921847427437e+00
7.056017172556763306e+00
7.565861525142204336e+00
1.101361374405004590e+01
8.153746709054967567e+00
1.477314881779848754e+01
8.526309440677394491e+00
8.687185256894325747e+00
2.113414304838122604e+01
8.660835834234509534e+00
9.447295616766345105e+00
2.480359335002580679e+01
8.606910059513621647e+00
8.724951007815485937e+00
1.180087073677517573e+01
1.016608275966156327e+01
9.271170594600306458e+00
1.040579193253084256e+01
9.357493172455587427e+00
9.696958602877094435e+00
2.332452529668981356e+01
2.665687040486816173e+01
9.628805613415533315e+00
9.037811553616656113e+00
1.138323585833802554e+01
3.856513287753269026e+01
1.513501253563118887e+01
4.229399827037700987e+01
1.611443344590132298e+01
2.010004707759726017e+01
9.278536256391408443e+00
1.349349674705402258e+01
2.232876092511270016e+01
9.648927147884450051e+00
9.611530240698993310e+00
1.454701950640236596e+01
8.615917078088788372e+00
9.278560131072181250e+00
2.346356822000940312e+01
8.511017264666614679e+00
8.526608831678617051e+00
8.381206380328942274e+00
8.703058133516984540e+00
3.874345508216119782e+01
8.280740472626574089e+00
2.998861146290294144e+01
1.534748527294092213e+01
8.492038896005151827e+00
8.547214358874327900e+00
9.526412279385532145e+00
1.071748899173896064e+01
8.518328508863918458e+00
7.938748576208048746e+00
8.818789776251461987e+00
7.317305689366197186e+00
9.680250454915919178e+00
9.108798683427332676e+00
8.112854888999436298e+00
8.128298290391830605e+00
8.668565265829037969e+00
1.310621487582402445e+01
1.133711353229956842e+01
7.789696819107304826e+00
1.304898163361802688e+01
6.858011535119014290e+00
6.848286102231646133e+00
7.204175230875342173e+00
7.680236835742836554e+00
1.074742374455613714e+01
6.455799523230428605e+00
7.315653569913203036e+00
8.363573448714834768e+00
7.420888687601579825e+00
6.296046062840295221e+00
6.128886808290796573e+00
9.041388037171921965e+00
7.045260860656463286e+00
1.054181113090976218e+01
1.857063667721948619e+01
6.369532721919414442e+00
6.411944321570746119e+00
1.448375082452331952e+01
7.262091091913250196e+00
1.689834847632389270e+01
1.770599795693322065e+01
6.772621173293613239e+00
7.508887206586089214e+00
6.770626594006446730e+00
2.252987304982000794e+01
6.447783325889316686e+00
6.829303292269727876e+00
7.267902937247733952e+00
7.678078420750535926e+00
6.734676028068381726e+00
6.851426490729199514e+00
6.577344915614926180e+00
1.298787380016835513e+01
6.355217890232876421e+00
6.706443687409914034e+00
1.002086715027499864e+01
2.961178129317250196e+01
6.391889229641759762e+00
7.021705968507384377e+00
6.911629323379360201e+00
6.825188617072953434e+00
6.942114147285353809e+00
8.498828170466778076e+00
7.093235453597610096e+00
6.228012506007229554e+00
7.079342553481818179e+00
8.571845404142548475e+00
7.461613198449802198e+00
6.840558127370914399e+00
7.096168125364241241e+00
7.815974127414544448e+00
9.680652911969133356e+00
1.289690090647634158e+01
9.685517349678944399e+00
1.090876654221776221e+01
9.934861751419914455e+00
6.909963500288809790e+00
6.975784704707677086e+00
6.517140460997159934e+00
6.852622331943055478e+00
9.993053440698860257e+00
7.102483355963277845e+00
7.257307288102991194e+00
7.053846066852929475e+00
6.877985763515913398e+00
1.716488721598124556e+01
6.603947844723016658e+00
6.720603285232611412e+00
7.684449126895218640e+00
1.295004393572123824e+01
1.280585236354832723e+01
1.103340556180787146e+01
5.639685003910146932e+00
6.324643104530363935e+00
6.278746881769468047e+00
7.101821843484454000e+00
6.102274673772254410e+00
1.035036540193554977e+01
1.159960392509507265e+01
8.540880832993192229e+00
1.138673197050946229e+01
8.289399063919244526e+00
7.087481423661463609e+00
8.834613978964156900e+00
5.845892813188289239e+00
5.976484147423979820e+00
5.688039343346852128e+00
1.007353321273495261e+01
9.942188116682615373e+00
1.553002474203317185e+01
1.598436756720699492e+01
1.538913687328543034e+01
2.334299671254606068e+01
9.110840396449958689e+00
1.146504869355208811e+01
8.359023749708677897e+00
8.768734112566086480e+00
6.315446397233850817e+00
7.394025344831285373e+00
5.958719645567454037e+00
6.298518514156387305e+00
9.987473064941706724e+00
4.285878639553739333e+01
6.876989559788720285e+00
1.574814624949413577e+01
6.679151058890288262e+00
8.959008719198298110e+00
8.274422878800764991e+00
6.977571333956269939e+00
1.389031973656366681e+01
1.364157207665969196e+01
1.486800291054343148e+01
3.070057249996726867e+01
9.705515970262798220e+00
6.847604087935199146e+00
6.960595908076264493e+00
1.124723735784983525e+01
8.733593145287613879e+00
8.708891114538873879e+00
8.729636920881743478e+00
6.729380978074947173e+00
1.154859045574260357e+01
1.875487086801585335e+01
9.642019276996434130e+00
8.152992284119099153e+00
1.340976107288905794e+01
1.761743348797039843e+01
1.170574425642181637e+01
9.338937443657883364e+00
1.506976297080562333e+01
9.550613105268025649e+00
1.367897650411606492e+01
9.066355375015723084e+00
1.423991299255482801e+01
9.003118547954235495e+00
1.820395287763678027e+01
1.244704070728223222e+01
1.140671580426445786e+01
1.129911163649333083e+01
1.229539013928451396e+01
2.045329376204035654e+01
9.301311812875821872e+00
7.045891457698535199e+00
6.914458225383795842e+00
7.238534562288548635e+00
1.836979132287476446e+01
1.234105916910537282e+01
4.118737233312690904e+01
9.239988043828919473e+00
1.929470938397378177e+01
9.950395797525548147e+00
6.738706075099342385e+00
6.632849980090126607e+00
1.198389592142021343e+01
1.752314883123222344e+01
7.518189426244519247e+00
6.603548442384454376e+00
6.686854549679975612e+00
6.714496168889647620e+00
1.042391354619093491e+01
7.308938946230150613e+00
8.947198275436045733e+00
7.585157617715247547e+00
8.958576653011686375e+00
9.347765309172007875e+00
6.461973865686246654e+00
6.525667366731484620e+00
7.270592625512951379e+00
6.828545991168743612e+00
1.967231672561562306e+01
6.593216068325543411e+00
8.871374711289481851e+00
1.938436996117233591e+01
7.276377364483432864e+00
6.759755475565769167e+00
6.717221632810276510e+00
6.782308695812261590e+00
7.748860034790727269e+00
6.866980731025924989e+00
1.201896404156879683e+01
9.550346384335650640e+00
8.289993410167332044e+00
6.922203532587450248e+00
1.733419593978608830e+01
6.501743931210365979e+00
8.281120397468292538e+00
8.369622122130490283e+00
7.068203158405238717e+00
7.718993610440555209e+00
7.103850193651788381e+00
7.468880300626035584e+00
7.831113424498991726e+00
7.208609644950560558e+00
1.384787948002098723e+01
6.485023841854273385e+00
8.044809106431769052e+00
7.046711945146536316e+00
7.253068586819226837e+00
7.308650408694818523e+00
8.078551509404251263e+00
7.318140432990144717e+00
6.890238368170128247e+00
7.120424933944763168e+00
6.946924869753932974e+00
7.036093930314544664e+00
7.037039578401312667e+00
1.371632417898402068e+01
7.669549524288591158e+00
7.194269489311536425e+00
7.203311058800754729e+00
8.513842914602353318e+00
7.278141377588410954e+00
7.080872615789211899e+00
1.030010103040962122e+01
6.987458871722753706e+00
6.942654720916404010e+00
7.952383400016795889e+00
6.851038145020815762e+00
6.761940193720920256e+00
6.896922622630841992e+00
7.180982735770473191e+00
6.430376506345449883e+00
6.968414949269417846e+00
6.354296665094809171e+00
1.194942703898325043e+01
6.845679613674609421e+00
6.914610698625591745e+00
1.527826256555965578e+01
1.508828024929121625e+01
1.053089499491904313e+01
7.371796212363171286e+00
7.278971515511813983e+00
1.414186679292634352e+01
