5.826267864260453955e+00
5.631429807377910990e+00
5.965569099550660503e+00
6.228805573263870521e+00
6.190742626899087497e+00
5.965596053362841822e+00
6.846452121831636539e+00
1.113882950841571784e+01
9.963488891712776407e+00
5.684728468693461600e+00
1.424290923674320375e+01
1.091170615874436223e+01
1.052429199188883757e+01
6.358260882123164315e+00
6.211993105917628100e+00
1.902488712487687650e+01
6.332551157972596378e+00
6.233338628848450469e+00
6.449078628554798520e+00
5.833682078051817044e+00
6.942809168644961559e+00
6.649077962443714185e+00
7.792777346595159749e+00
8.439581641131459477e+00
6.188999748063731765e+00
8.567413346841563637e+00
7.253080520911347584e+00
7.679953324941471315e+00
3.911589422925046478e+01
2.205547576258160447e+01
1.135482950618367681e+01
1.272928001915101781e+01
8.840715455056532335e+00
8.134715951952882662e+00
7.816917779803566724e+00
6.209003101696779048e+00
6.215907013674947912e+00
8.033652075584518215e+00
8.399819832650534224e+00
1.581911760830152680e+01
1.008724846517643137e+01
7.100296287190967170e+00
1.083245718079678355e+01
7.483324133132209788e+00
9.329366857555157821e+00
7.590338103505375855e+00
1.072993731659533623e+01
7.568888840392361317e+00
1.266484972916112994e+01
7.542187656782704863e+00
1.038841588466237909e+01
8.154755996302474941e+00
8.108952283923228421e+00
8.149215833363451011e+00
7.718564331230389541e+00
7.254725067492681312e+00
7.757482215232058387e+00
8.771614932835619882e+00
1.270627284781764743e+01
1.563754390384273840e+01
8.222264018705871536e+00
7.726808294527197418e+00
7.871497174405084785e+00
2.617600217503592219e+01
1.130490594536068905e+01
9.050029669252223741e+00
2.769119350995907070e+01
1.073678464399084476e+01
1.882300472044372697e+01
9.313623462297343281e+00
1.052067207646482316e+01
8.696113592351300881e+00
2.232155447822117367e+01
1.285980818741039933e+01
1.114759312959683157e+01
9.614931553328567304e+00
9.939490284900951877e+00
9.752963464100222524e+00
1.211431119001302825e+01
9.549343841520110843e+00
1.363319807802046491e+01
9.416418713924130657e+00
8.851617194174433934e+00
8.793280971770473187e+00
2.708511502995215636e+01
4.003020148389925481e+01
8.346189006698184087e+00
9.141820689795848054e+00
2.719045650094915700e+01
1.061139647802419894e+01
8.110883773951096387e+00
1.329779151304586904e+01
1.100272803826572598e+01
1.027596491582352733e+01
1.124574644119171474e+01
8.103273060206406697e+00
7.965574500298307825e+00
1.132393414034250156e+01
7.826539067831103758e+00
7.652637459589193725e+00
3.006047962878731994e+01
1.167435098396558679e+01
7.904414081742383580e+00
7.845291373153768788e+00
8.044137901695233239e+00
7.757595418527406750e+00
1.327194182844328552e+01
1.166544235155733311e+01
9.941782755759001944e+00
7.195258837909013216e+00
7.122514781461128486e+00
4.186911110720906493e+01
1.016344355804434585e+01
1.605215839720753124e+01
6.780355611474369049e+00
1.277728712065457195e+01
6.550305906473759876e+00
3.957733282676786501e+01
7.346172482022191197e+00
7.361755780082782863e+00
6.918741012818904856e+00
7.134062156443334857e+00
8.513160926425513253e+00
6.514482800161096598e+00
1.626625384417202014e+01
7.276787002667623128e+00
7.379421365327297977e+00
6.681364238560824731e+00
7.564070294617811996e+00
6.817548102090358775e+00
6.573698742409074036e+00
6.860227606890886065e+00
7.148433417802817047e+00
6.906827647351676092e+00
1.234189849479165169e+01
6.868880347117871210e+00
8.181848041684157025e+00
6.778671372151158003e+00
1.283551333705251274e+01
7.398147578656964818e+00
6.907875825838249106e+00
6.490367443978788842e+00
1.050085033555907721e+01
2.893109518454556550e+01
6.782751244665109702e+00
6.594363115213951687e+00
7.447058347207729412e+00
7.000286479904930026e+00
6.678202856645102159e+00
7.077790139984480255e+00
1.509515408473449227e+01
6.677414029460620348e+00
8.137239012225343515e+00
8.528677860514838116e+00
1.100778770068135870e+01
7.661228708528544651e+00
6.641894732178342586e+00
7.708035487194693225e+00
6.965717931413543340e+00
6.989023087438180681e+00
6.471572792987879907e+00
3.199076788094165025e+01
7.849319622283748465e+00
6.793503095100143163e+00
1.104242663284628989e+01
8.730201999191397277e+00
6.882808694514928938e+00
7.227262552556003250e+00
6.408069029333899103e+00
6.881812609719816010e+00
7.761443944931451178e+00
8.599236917580777018e+00
8.178825674087155662e+00
9.213134344544689824e+00
1.326820761418952976e+01
7.152906366958281303e+00
1.164154567771751125e+01
8.291896218446188627e+00
8.115081985699987399e+00
1.072100524152722123e+01
1.015623787278825851e+01
1.565357810080395140e+01
1.302990478428662513e+01
6.305003395716370029e+00
5.938646485751172932e+00
6.918755203738473192e+00
1.383436904724031535e+01
6.360544741515528067e+00
6.877719184077275116e+00
6.248388679542840052e+00
6.478188481400007248e+00
6.516601049576157045e+00
6.478423794056128671e+00
6.472599109106152326e+00
6.957848134442448540e+00
6.862154368595208886e+00
5.985980554972706535e+00
6.721527628313528346e+00
8.709753285272126888e+00
1.172079986510057736e+01
6.256692606115251465e+00
6.358877251040814471e+00
1.262949172151052046e+01
1.307616134797264706e+01
1.550244523838038901e+01
8.826784378719075619e+00
1.460437970492215420e+01
1.262567132969979866e+01
6.558738869569738839e+00
8.385723754901366789e+00
2.697797573450862529e+01
8.372779065458809455e+00
6.426275686037062229e+00
2.319116954647614648e+01
1.801653436138783348e+01
1.749137150373624294e+01
6.219300744853529572e+00
8.185079889518863894e+00
9.935387081926307928e+00
7.889586588937598677e+00
4.304799536156389905e+01
7.710362000174407981e+00
6.506901374234038471e+00
7.986379533688768184e+00
5.927092441904358466e+00
6.729685227251729351e+00
6.794847479138502067e+00
8.164713553365967158e+00
9.019090912855256548e+00
6.709745844601182618e+00
6.691994145241186409e+00
1.303245432322596642e+01
1.398382352387519312e+01
9.341870366986666951e+00
6.883523240760236916e+00
6.194475514685584550e+00
6.190757464064515325e+00
6.287359667121997120e+00
6.436869086120154293e+00
6.422512742220848558e+00
6.779648522884452078e+00
6.483124144761288399e+00
2.171283257486336637e+01
6.472499546473097887e+00
6.922455653302331591e+00
8.513715344407476238e+00
1.370249677877558270e+01
7.055786882869496957e+00
7.189104871889133719e+00
7.161619880606294508e+00
8.530419141292005847e+00
6.904960800620450811e+00
7.097678214081756920e+00
7.121139517966844856e+00
7.125249037465503754e+00
7.805111218878088231e+00
7.219195427875616744e+00
8.095446988414300549e+00
7.752868222682749888e+00
7.061065818273227102e+00
7.181359379598363901e+00
6.918916855584688719e+00
7.561058832969568932e+00
6.968919149916427358e+00
8.077477230787224016e+00
6.984212415145124808e+00
7.952024134064016536e+00
9.287638890835992811e+00
7.021521183400378341e+00
7.677295217756840984e+00
7.474012675433434616e+00
7.374431399782914731e+00
8.022713977495252280e+00
1.164853857024451322e+01
8.594947747692414097e+00
1.522697318160296120e+01
8.960487657535537664e+00
9.029091320816538868e+00
2.253174816488350629e+01
9.119925688625309945e+00
9.868272721116291279e+00
2.603967144888611074e+01
9.117561660108352228e+00
8.992825857952542634e+00
1.263492878090930738e+01
1.068506899523285014e+01
9.411050481826752190e+00
1.051534678504398634e+01
9.837120099712224786e+00
1.001016329211313582e+01
2.434151799439744934e+01
2.693555159735021576e+01
1.019848088923094132e+01
9.666616299177785976e+00
1.179727858950364450e+01
4.058748027523589030e+01
1.594149441495565434e+01
4.251049865883909717e+01
1.688866462807233759e+01
2.192706038242289779e+01
1.009344891076773187e+01
1.411806697641217134e+01
2.436442651886633826e+01
9.387366119115146290e+00
9.733934493920550324e+00
1.623065361221062730e+01
8.978207689014537252e+00
9.828759059331961367e+00
2.453842796843763452e+01
8.994230929534266394e+00
9.096345299149838581e+00
8.874772189613482354e+00
8.859534312742372464e+00
4.231548622685191674e+01
8.730060719530571944e+00
3.056031300483587998e+01
1.612751167017095000e+01
8.887448471973122821e+00
8.863670830320357297e+00
1.010390727711905967e+01
1.147128593424542409e+01
8.896016003552942308e+00
8.216930391622266683e+00
9.117680237998229131e+00
7.453338154947995342e+00
9.956280834695769855e+00
9.101986989157039076e+00
8.415924205280578718e+00
8.486421837172956728e+00
8.869030029605525556e+00
1.380801339887030821e+01
1.189584646625805853e+01
8.127614194233222733e+00
1.322861674031965151e+01
7.098938685001108695e+00
7.157837231434848846e+00
7.610613393821960670e+00
7.914623713586727227e+00
1.127892175343800218e+01
6.867147172624759932e+00
7.515413771698016276e+00
8.698289756916013360e+00
7.650772730429233448e+00
6.502049492607684833e+00
6.488810281897482213e+00
9.444719871269073863e+00
7.365506100657099431e+00
1.087209912401619682e+01
1.930125528833134041e+01
6.588171180247266001e+00
6.814671783033101171e+00
1.473616105206607507e+01
7.559245992852932083e+00
1.861651555116915802e+01
1.807849023754950579e+01
7.080718090348818272e+00
7.832237458804739205e+00
6.995634702784975012e+00
2.364524663325478215e+01
6.612563003346897617e+00
7.157055095771300834e+00
7.569372258233574513e+00
8.079457953597492192e+00
7.107204491459067519e+00
7.174863049652725699e+00
6.926968404816683744e+00
1.389144239529518821e+01
6.679635450468632385e+00
7.077672389809985809e+00
1.040625470312492951e+01
3.177073311954868728e+01
6.791001024127766961e+00
7.439273172691644120e+00
7.197387833790553913e+00
7.172579090142495062e+00
7.410245068606983843e+00
9.154339850616517893e+00
7.334071063554718606e+00
6.505745877901914831e+00
7.429377525641359448e+00
8.982591562931768081e+00
7.677721439412066751e+00
7.239646938270830390e+00
7.434908891825151578e+00
8.099516581413244154e+00
1.024952183752703405e+01
1.355967287418033962e+01
9.965148637726759517e+00
1.139283422291129710e+01
1.020176856326510340e+01
7.293216253816923178e+00
7.311584963504047963e+00
6.862639329942467725e+00
7.216808973787999903e+00
1.067373679964984845e+01
7.594068864220970383e+00
7.478775258979455387e+00
7.360102970180858684e+00
7.140488851570443884e+00
1.734481316839102760e+01
6.919025304341684723e+00
7.010785566915220812e+00
8.241803530370365394e+00
1.350494677924201170e+01
1.363352312834009794e+01
1.155698620039822266e+01
5.903880782665821059e+00
6.516087214835001973e+00
6.481184537347735031e+00
7.415737977027648142e+00
6.363981428044827027e+00
1.081778853152463249e+01
1.193841460122200182e+01
8.993587689978658872e+00
1.186616223806887760e+01
8.719105902378217365e+00
7.369978288462100124e+00
9.104660524503275454e+00
6.076254280490098303e+00
6.066664821772125293e+00
5.939378277290651376e+00
1.033168017456686449e+01
1.028084898234584976e+01
1.593914901892182279e+01
1.659296375091185638e+01
1.622757387365223636e+01
2.451431996111383427e+01
9.444910191145574174e+00
1.172860634772920108e+01
8.715262014647194633e+00
9.266228698017973997e+00
6.459205002391998462e+00
7.735662285035277641e+00
6.142015715414519406e+00
6.654374628957239857e+00
1.051790492585660175e+01
4.636417432504753577e+01
7.209090974402147189e+00
1.648852880352216843e+01
7.014377820833249011e+00
9.258745677918041039e+00
8.589467813989493550e+00
7.291236413662847582e+00
1.469520583784453471e+01
1.409226110584602409e+01
1.520898637257835162e+01
3.234325815006318550e+01
1.042728894471302503e+01
7.205824989144711701e+00
7.288037062267146204e+00
1.176411892907303880e+01
9.099918820673151387e+00
9.111645559873181810e+00
9.012470846250360879e+00
7.151108782100972228e+00
1.228223630829709556e+01
1.909153160533618276e+01
1.017856869332915970e+01
8.507862061413897337e+00
1.366447417376767959e+01
1.885609079581837477e+01
1.224595480111994839e+01
9.909764980104908361e+00
1.589818643583928370e+01
9.982504634362687312e+00
1.429380679559020173e+01
9.332275380000181642e+00
1.485991030882438402e+01
9.347690511404158187e+00
1.908302303529929844e+01
1.324460300794032896e+01
1.238298031385470388e+01
1.174805544974356231e+01
1.321331081096323601e+01
2.140175063981206094e+01
9.718726679578406191e+00
7.546882519930630195e+00
7.202984760942390707e+00
7.485125740388859583e+00
1.969900601321431921e+01
1.311806790812069856e+01
4.392606324569479881e+01
9.479315129269327400e+00
2.023389690306330024e+01
1.055574995765531732e+01
6.973452805481139549e+00
7.006237300436928273e+00
1.245983921651508908e+01
1.837498554283665086e+01
7.837478310014235561e+00
6.890796046092029670e+00
6.963620626699547955e+00
6.889275046080515885e+00
1.097678391630731909e+01
7.710247883874333574e+00
9.095932846362002167e+00
7.893566269029832938e+00
9.317502558797050582e+00
9.587166432579952158e+00
6.759989664154696598e+00
6.809483482142594468e+00
7.566992774652714360e+00
7.175481076964961069e+00
2.047956754766406107e+01
6.871434281714941861e+00
8.908975978391612927e+00
1.956606900729218168e+01
7.439698597786970957e+00
7.014101392434028526e+00
7.089669736152159452e+00
7.061130715021319837e+00
7.949904189966585655e+00
6.987148224368832317e+00
1.220390099350732349e+01
9.879314397682843918e+00
8.500090005292996409e+00
7.058810945520272995e+00
1.807548738545087375e+01
6.619781546867411492e+00
8.579513105970153930e+00
8.760739332383547406e+00
7.554434607745555752e+00
8.080145766408090680e+00
7.332403839275333013e+00
7.565082557319904311e+00
8.016837981026164073e+00
7.251581754024006621e+00
1.410654727244029871e+01
6.683961722500466607e+00
8.414387763319460589e+00
7.460792894316312207e+00
7.562787993970430556e+00
7.684719231336150536e+00
8.515592529230437080e+00
7.753617629463614769e+00
7.275037204515222733e+00
7.508811339889287062e+00
7.360357797416848591e+00
7.307044754987407131e+00
7.410157921793756763e+00
1.435070071729739283e+01
8.143693390862736692e+00
7.627017508120061073e+00
7.438826582086391248e+00
9.059952106997636534e+00
7.655431551019855618e+00
7.309459957610995318e+00
1.054273940537862941e+01
7.274813657695351488e+00
7.481952468652155019e+00
8.610779285283268081e+00
7.752563854330148274e+00
7.475966751154108358e+00
7.546585256663742136e+00
7.655991094788268114e+00
6.700212048153201927e+00
7.458654224490659956e+00
6.675755140262650045e+00
1.229686940814434415e+01
7.177106412227460375e+00
7.282334927826225268e+00
1.568400051839786435e+01
1.605348083142503057e+01
1.108343916768043513e+01
7.730141247606526100e+00
7.532753455822360777e+00
1.483382727518021404e+01
