4.503399971862120488e+00
4.190725282666273976e+00
4.427439363307341225e+00
4.651223302881638766e+00
4.725689172032518037e+00
4.623342176930360203e+00
5.275950390953081381e+00
8.346661533286043877e+00
7.521403624800029775e+00
4.234296494048424897e+00
1.098411724962157088e+01
8.387308723271752697e+00
7.714640667860415135e+00
4.885318908959354722e+00
4.667135837904315743e+00
1.421787019248622741e+01
4.783794916046796963e+00
4.597179551234733985e+00
4.853095847910321226e+00
4.277936701307801570e+00
5.289009222829627710e+00
5.058618894180326286e+00
6.002981230296455806e+00
6.309526559147005109e+00
4.611134220876632384e+00
6.387086839275848860e+00
5.396662118097625971e+00
5.651962108073289137e+00
2.933834370805137581e+01
1.664559657721110142e+01
8.537509699835117871e+00
9.534133081504357676e+00
6.662160224637265316e+00
5.914857691450382760e+00
5.833031524287681790e+00
4.670498089267744568e+00
4.753814958420695014e+00
6.020523403596434342e+00
6.436883096349744093e+00
1.180040134894757742e+01
8.134531308112748604e+00
5.512534594074137040e+00
8.185302157259199518e+00
5.774831570800238900e+00
7.284714958087842085e+00
5.755554444217081844e+00
8.434429751004408615e+00
5.550594615587109537e+00
9.304648626898236685e+00
5.479632053142030834e+00
7.820945602798277996e+00
6.097474075132469196e+00
6.141018807443300531e+00
6.067389583477138082e+00
5.927440873535486432e+00
5.343210268973327182e+00
5.848663198697087395e+00
6.740513936382822813e+00
9.570154384761575983e+00
1.209326090797309128e+01
6.172927148534502528e+00
5.959492972895402474e+00
5.878661958008774668e+00
1.972517596138116502e+01
8.615209238138161751e+00
6.931168049717815194e+00
2.149445536998110740e+01
7.984151480728693073e+00
1.438285299165596776e+01
6.986275255477809587e+00
7.787822993926908133e+00
6.615233153385860376e+00
1.731100921565980144e+01
9.530776771569600569e+00
8.509510648748506156e+00
7.093957563511039233e+00
7.632468599067120607e+00
7.407575678827159393e+00
8.847175529851268649e+00
6.968635929091695935e+00
1.026624212603337938e+01
7.282333646700031693e+00
6.585023736652019011e+00
6.595951151635485843e+00
2.108889893717600117e+01
3.123450353071314467e+01
6.349594794214174165e+00
6.851163985282748392e+00
2.145808941662523495e+01
7.624749049017495395e+00
6.122455145776987351e+00
9.967907300705816098e+00
8.129661409070861211e+00
7.490123258945852847e+00
8.134584253630746886e+00
5.860766002460858992e+00
5.821684214056776163e+00
8.159002162462066110e+00
5.668799646223078526e+00
5.730249159539910764e+00
2.217973484003389473e+01
8.768025056943642426e+00
5.910916502400564099e+00
5.918568929965481118e+00
6.069932328135980271e+00
5.672807253477276213e+00
9.818430098922462435e+00
8.950633660076650955e+00
7.331547456600481460e+00
5.394899399835725085e+00
5.327872966862695847e+00
3.086467116597849625e+01
7.419312606193479986e+00
1.223239578387439330e+01
5.096487895255411793e+00
9.510531717529133289e+00
4.832831837878224235e+00
3.102824369424521223e+01
5.476160817019369631e+00
5.468638843395479121e+00
5.394778068822437156e+00
5.319369254687543069e+00
6.396217282206606569e+00
4.967780830079133736e+00
1.244494477097095420e+01
5.422518156325702776e+00
5.925939119717049230e+00
5.100114153344124546e+00
5.658009926988078142e+00
5.144589279395126447e+00
4.849734688959731699e+00
4.997839662483570145e+00
5.358619773659589747e+00
5.043945688069022104e+00
9.384531563650124752e+00
5.105444623424324035e+00
6.045816986793936643e+00
5.059322565355105716e+00
9.545818256655110190e+00
5.399093549277997894e+00
5.012863574955271240e+00
4.898467074133539434e+00
7.784839426552162323e+00
2.149784998990032747e+01
4.980539510332119946e+00
4.940031520994382142e+00
5.630884277607633770e+00
5.307238036119115598e+00
4.959097986507680744e+00
5.224282017044043158e+00
1.097155733427601199e+01
4.951676471209934149e+00
6.223680873598715912e+00
6.275019248209041223e+00
8.094898259101499960e+00
5.821248203692218404e+00
5.035386549541472689e+00
5.584028661889505862e+00
5.203532751584791782e+00
5.159299048700964008e+00
4.885732572142556407e+00
2.208029774587597771e+01
5.781048063262696601e+00
5.000320074276450200e+00
8.031297967862627729e+00
6.467544856341326032e+00
4.965182877448541809e+00
5.283894571947145735e+00
4.759273101054552590e+00
5.152084111354758633e+00
5.834331126038279969e+00
6.294483836604137572e+00
5.999797137591204255e+00
6.796215986071254100e+00
1.016284600246739878e+01
5.207780062507673335e+00
8.766818619568372384e+00
6.181716485886699530e+00
6.142048074320187290e+00
7.921451851716001080e+00
7.837926938776125674e+00
1.190852318042199975e+01
9.796330835739047060e+00
4.708692613458878462e+00
4.473778791332977178e+00
5.202536908807227967e+00
1.019726122882638109e+01
4.650215088155084331e+00
5.093640815315676029e+00
4.691977861880610057e+00
4.965354742044283398e+00
4.974021020476090627e+00
4.764654518782081460e+00
4.967305397193316985e+00
5.186416303109696813e+00
5.072604079810722588e+00
4.665325018370685584e+00
5.053448984227330243e+00
6.320654937416416708e+00
9.152714806453486673e+00
4.831818038194824361e+00
4.838828202905318676e+00
9.762120142174174120e+00
1.010063554476324832e+01
1.151387116153851942e+01
6.564948708166834734e+00
1.124911869657228536e+01
9.587898017179677268e+00
5.054139225544741265e+00
6.462230871958295708e+00
2.008806405524158833e+01
6.487910477831448475e+00
5.031690182563298031e+00
1.701676901746350623e+01
1.393781960134707631e+01
1.320957151668311091e+01
4.722448644114163763e+00
6.171420079859720076e+00
7.759283764846111708e+00
5.941523696817759159e+00
3.163789656120962945e+01
6.000456752969226315e+00
4.994525802138497284e+00
6.111095944118166479e+00
4.542492746250759161e+00
5.110945331736084896e+00
5.051206796294084533e+00
6.252956246722801481e+00
6.959308208882025504e+00
5.138331352274826180e+00
4.957984196481288741e+00
9.870971443012409807e+00
1.063262743812284228e+01
7.142161509013821963e+00
5.212663863939701159e+00
4.709002517649280684e+00
4.627772386524641846e+00
4.765324996768097954e+00
4.866916393519752582e+00
5.001927588507411038e+00
5.086306365758942682e+00
4.961487485033483580e+00
1.604316939800159858e+01
4.809464840207017922e+00
5.273069339447095771e+00
6.558239631067050546e+00
1.059159986401886933e+01
5.328825208450944650e+00
5.330104267680510155e+00
5.312371235698005734e+00
6.347963612039238868e+00
5.239953509687966360e+00
5.380201463161654374e+00
5.347958000900538522e+00
5.394649131133411935e+00
5.882716175762229938e+00
5.405657595999544540e+00
6.156567055175209191e+00
5.788856384272813571e+00
5.351205541804183063e+00
5.571183937529748498e+00
5.316601327945429389e+00
5.657177362473923665e+00
5.238398850399907047e+00
6.164443916720437677e+00
5.205170391648561434e+00
5.941014879773791613e+00
6.938597960001133380e+00
5.402536898284846956e+00
5.800921234466308363e+00
5.599465019339590732e+00
5.688384575358931272e+00
5.888211322725460661e+00
8.817507483035599947e+00
6.372242580522370581e+00
1.165466679490802981e+01
6.655375890515915493e+00
6.850013122049499081e+00
1.658217591111496958e+01
6.692647852611291803e+00
7.404089362024894427e+00
1.931316530763401573e+01
6.844348412089870770e+00
6.851983814962119723e+00
9.309336978993268730e+00
7.947650413080480369e+00
7.306843353674265629e+00
7.959395062085881101e+00
7.447823511381864492e+00
7.589461552692001511e+00
1.863746632969318640e+01
2.149832547204439592e+01
7.568542953607453327e+00
7.091022806740250317e+00
8.814820364482812920e+00
3.075976572983593371e+01
1.190980483199443896e+01
3.268670678564936338e+01
1.262574707681406139e+01
1.657589299533502469e+01
7.716423529214889498e+00
1.060700046481798964e+01
1.737716495964183139e+01
7.105137385010641182e+00
7.194563325125320929e+00
1.149221796705913512e+01
6.639894659598167159e+00
7.330835303561878291e+00
1.866369593327566534e+01
6.616238033454214573e+00
6.733372246142486972e+00
6.396950415859099515e+00
6.894447437844520188e+00
3.038974281184206561e+01
6.379347814571972641e+00
2.402910232874220142e+01
1.216018298856215551e+01
6.699005634960903066e+00
6.843596023734203726e+00
7.416346168762855129e+00
8.463490538465340052e+00
6.660175060482430354e+00
6.323704834071912195e+00
6.876703234817902910e+00
5.710680339871341715e+00
7.397403290609023685e+00
7.098283672914707410e+00
6.476199754926852847e+00
6.617615686462534619e+00
6.708939356604742166e+00
1.056864858931962026e+01
8.966384854927216708e+00
6.196328390130227959e+00
1.018298530993780204e+01
5.386402499808041533e+00
5.364744538707140187e+00
5.785035184856553769e+00
6.074125220276459736e+00
8.424737353438526810e+00
5.221115655175700532e+00
5.737950689561793105e+00
6.620291255390394980e+00
5.826706226524456689e+00
4.993068940383644794e+00
4.939741040215233525e+00
7.039330517258608921e+00
5.337109029463895205e+00
8.159611133101774882e+00
1.439294714658552010e+01
4.926676267147982458e+00
4.969111103436765653e+00
1.077176523973284539e+01
5.527536298084679167e+00
1.306830615509741200e+01
1.350340991736051599e+01
5.210667838595840706e+00
5.758328942314355992e+00
5.187850160154923174e+00
1.754084577151527213e+01
4.926720116471765110e+00
5.327664707847400649e+00
5.630581304156353717e+00
6.039678340144726931e+00
5.269066717608526851e+00
5.287900503016307319e+00
5.028035484686803613e+00
1.011902063281497632e+01
4.961617924498948007e+00
5.219826864526672772e+00
7.831285054778543753e+00
2.343351124944378583e+01
5.039650860135136412e+00
5.452192228845634148e+00
5.403067384058789280e+00
5.428784847063920616e+00
5.484348099033356405e+00
6.651446000985212770e+00
5.504070141266875105e+00
4.886090540935686732e+00
5.579725332458230547e+00
6.817189409110294918e+00
5.836718152077511768e+00
5.354324216637730061e+00
5.535917653326737131e+00
6.158227182855131154e+00
7.559678280842351050e+00
9.880345721957041860e+00
7.649295963261403486e+00
8.694035700205066775e+00
7.779017487704545708e+00
5.482841148527477060e+00
5.536234225428004585e+00
5.280222699493666738e+00
5.408165356142481173e+00
7.768828103179314049e+00
5.609905845391659263e+00
5.734732398063483672e+00
5.596769247584955309e+00
5.338872655018048974e+00
1.311596559210534885e+01
5.196480455563650125e+00
5.307767747106438172e+00
6.180020593104279314e+00
1.031588221567647068e+01
1.021667039905898910e+01
8.721402865471109322e+00
4.535775734986620122e+00
5.033254462376779870e+00
4.879971035470078711e+00
5.715539108416118452e+00
4.866037644801325612e+00
8.073582238181588266e+00
8.880401835078181705e+00
6.788595924060421893e+00
9.087766744072341751e+00
6.546480527643900871e+00
5.727978430111082986e+00
7.183613671098314946e+00
4.588519942614904146e+00
4.668203105028457145e+00
4.502196559203233583e+00
8.019561982128470490e+00
7.977181068792122076e+00
1.248225640293687455e+01
1.275247557822071798e+01
1.223129052280759943e+01
1.895668935466629179e+01
7.264986709758271211e+00
9.213996309374289595e+00
6.564088541368374052e+00
6.927218332141152679e+00
5.005421019823952378e+00
5.844340306586423672e+00
4.739299675910866760e+00
5.031316294639838205e+00
7.891552085825616736e+00
3.700035706461085283e+01
5.513667400438531097e+00
1.287003548950816878e+01
5.279049366449696024e+00
7.198621171589524970e+00
6.458280711547881303e+00
5.539313147116676106e+00
1.141313659870036901e+01
1.065150500378646825e+01
1.181601945984887081e+01
2.404310129902336968e+01
7.788972757536802405e+00
5.408607264133497239e+00
5.563709605229469446e+00
8.959371084528712004e+00
6.875593074326171283e+00
6.889497834118897046e+00
6.751607918949082077e+00
5.425977795873943244e+00
9.069550027110777179e+00
1.485425321078829519e+01
7.710421629470701532e+00
6.490427015845691372e+00
1.056392404679888131e+01
1.411801406206475029e+01
9.179590262041960713e+00
7.384708614067603705e+00
1.231538984683957416e+01
7.502945798458298121e+00
1.097873699324856744e+01
7.263092665299363482e+00
1.149654731947179087e+01
7.174891537869434899e+00
1.389322522147406325e+01
9.877716792007376512e+00
9.222242908499168834e+00
8.831896728523059181e+00
9.578044029535496051e+00
1.641217162583568623e+01
7.325851772848020360e+00
5.639988880904774682e+00
5.480321824218740367e+00
5.639729670309270304e+00
1.450185000654202128e+01
1.006454635684377763e+01
3.269910838132031472e+01
7.273130290886648197e+00
1.513600179091452524e+01
7.972986835953267182e+00
5.241601999100453213e+00
5.257357150231303677e+00
9.362823403359774588e+00
1.391681318945814105e+01
5.925792443334072068e+00
5.286772414584143043e+00
5.285298863114424428e+00
5.324270828191165705e+00
8.262335644257573719e+00
5.732749214878181121e+00
7.013313314178392766e+00
5.922687446423137381e+00
6.952133804407377937e+00
7.195263713164468555e+00
5.028929758994631349e+00
5.168829406748296940e+00
5.747432149656835243e+00
5.409923347786286030e+00
1.528539346572672564e+01
5.259634898006371628e+00
7.063730834053091101e+00
1.494008745214329892e+01
5.713766722799771713e+00
5.384452859201099173e+00
5.333347429965454189e+00
5.279224361773454000e+00
6.185330744114646784e+00
5.512681170514688311e+00
9.393311686689814977e+00
7.499210108714560619e+00
6.548548516037191902e+00
5.542905965676768076e+00
1.344838754463127373e+01
5.035737433256265660e+00
6.580563686662407541e+00
6.653438693537649939e+00
5.656658601536225461e+00
6.243508206508065150e+00
5.707966876550850444e+00
5.928016878260691236e+00
6.205325391738857554e+00
5.739856829620750389e+00
1.057368969936644731e+01
5.057093231893412977e+00
6.513417293497210991e+00
5.552749201185226191e+00
5.679534557040489595e+00
5.656659871711045895e+00
6.196061543151194506e+00
5.682990326351410104e+00
5.400490770670121954e+00
5.577893931370451419e+00
5.427234394415303420e+00
5.464260801289117175e+00
5.535686896288804171e+00
1.073786570378762661e+01
6.152840396206618934e+00
5.653697845177197756e+00
5.649042964882119655e+00
6.918234090341661258e+00
5.860394437436389659e+00
5.745470366834775966e+00
8.513554537771680586e+00
6.072379204594726687e+00
5.553126248681937938e+00
6.472166082677930810e+00
5.482366036713026247e+00
5.395707383951677372e+00
5.270966959644205474e+00
5.740251887882647175e+00
4.985575118603460254e+00
5.455251431822556896e+00
4.950869282332580390e+00
9.584545019805451815e+00
5.371439697430555604e+00
5.506271184492466553e+00
1.215699497081445735e+01
1.208855178941453268e+01
8.149336589906310380e+00
5.812955916713035798e+00
5.795557570023372129e+00
1.120155744509171747e+01
