5.298809614830591208e+00
4.802766808652930486e+00
5.030789418867984253e+00
5.267067081997534039e+00
5.169338561457944792e+00
5.252138386113621493e+00
6.040422096398137874e+00
9.477494659185602188e+00
8.453730335122726203e+00
4.970350141420450285e+00
1.242857295552432007e+01
9.294539193462483695e+00
9.025042187295440499e+00
5.482029599934358011e+00
5.357837039390534351e+00
1.656998583429786720e+01
5.409704366510865725e+00
5.232759729504445900e+00
5.571399679392346371e+00
4.929757611200884959e+00
6.026060274522124338e+00
5.858937751432538477e+00
6.748097212129656519e+00
7.191527837366640696e+00
5.240762999157861479e+00
7.347799543286662072e+00
6.097261764362465364e+00
6.492820802635677957e+00
3.383600705058650249e+01
2.015371233843070087e+01
9.576074621734544934e+00
1.134233882804706539e+01
7.790684108536225949e+00
6.803206418157637714e+00
6.606353644879108700e+00
5.275092008269374411e+00
5.446591201949591010e+00
6.899898086308398071e+00
7.452106180051069728e+00
1.384818022144890648e+01
9.213086054182610951e+00
6.466252088191730252e+00
9.731267618243062856e+00
6.641286095765943642e+00
8.260635808691038307e+00
6.632488313767086474e+00
1.001648189093831043e+01
6.577757317124206971e+00
1.090088356783030044e+01
6.472728835166289052e+00
9.060513249811958048e+00
6.960365919039087856e+00
6.949207403351222112e+00
6.994437008897021357e+00
6.733934739779352086e+00
6.111286282716410945e+00
6.603401975059850493e+00
7.524185074240272719e+00
1.117969452510377160e+01
1.383687511669333681e+01
6.951216187579836614e+00
6.825522989140494268e+00
6.808047046238448807e+00
2.349035754966784850e+01
9.759210696775927119e+00
7.891161660400333844e+00
2.405912136936749945e+01
9.156463212833315879e+00
1.661090185779309181e+01
7.886265602440722056e+00
8.703482182365460673e+00
7.634352849060871193e+00
1.997397558765341330e+01
1.071682271725816094e+01
1.002177936152530613e+01
7.935646297553506479e+00
8.623501636047098629e+00
8.438622854907322335e+00
1.047448995603367905e+01
7.972601419809364209e+00
1.166397069721880442e+01
8.355671462160849217e+00
7.561508710295757218e+00
7.664595667871904716e+00
2.443148541216954683e+01
3.404975054874738305e+01
7.349269199212933756e+00
7.699311806400275238e+00
2.430220683305467233e+01
8.904681794809171436e+00
6.957317659660438025e+00
1.143729168038750643e+01
9.277319468504712674e+00
8.739996735591216037e+00
9.582048912769105087e+00
6.902243842571067489e+00
6.778757817853237277e+00
9.577648792794024146e+00
6.722403424539443506e+00
6.428419834804538269e+00
2.477420270991564166e+01
1.002497896364020136e+01
6.624569575085078377e+00
6.678953787256908470e+00
6.873684127716978232e+00
6.515446327323384246e+00
1.109259120253145170e+01
1.010483058097264220e+01
8.524179642321334072e+00
6.257395208827889910e+00
6.047693106462105561e+00
3.560613412749024320e+01
8.570273772527492895e+00
1.401193727860256821e+01
5.846467277454373779e+00
1.079609983641510951e+01
5.583289279410125872e+00
3.453391140579439167e+01
6.205712847175812286e+00
6.224151519738930105e+00
6.230431820582050584e+00
6.166544384341243301e+00
7.526829535322736575e+00
5.660553846985367343e+00
1.436907411572606996e+01
6.241498519604341766e+00
6.240235444447015389e+00
5.754679031824952773e+00
6.412712482997966923e+00
5.758071698392386750e+00
5.550615605335812219e+00
5.771226745048426032e+00
6.261938201954640348e+00
5.832358356558114743e+00
1.100945930262877859e+01
5.896659360851796983e+00
6.948382452924911412e+00
5.823732644706703709e+00
1.102389894869852505e+01
6.331886259593797028e+00
5.782593465111621533e+00
5.677779179727538761e+00
9.018972901978083101e+00
2.524404768196258786e+01
5.745545966648570868e+00
5.646968684430675900e+00
6.423001712259477358e+00
6.164235642340384125e+00
5.642417308507331697e+00
5.948290550121874354e+00
1.268822546821660069e+01
5.855836457413141183e+00
7.158262866554911952e+00
7.255775913115657616e+00
9.533230728385058583e+00
6.686950318060282505e+00
5.880324088900246160e+00
6.404718457923352481e+00
6.062904247055646678e+00
6.036284641778817850e+00
5.535217585967398435e+00
2.598722301670421331e+01
6.630079218610681835e+00
5.854851516886821372e+00
9.194145778652508483e+00
7.332831757815777785e+00
5.760940427909170936e+00
6.062917254102008435e+00
5.557234216398966531e+00
5.920066014798143428e+00
6.527048294979388210e+00
7.412384060634379601e+00
6.940474652258434851e+00
7.741129629653463518e+00
1.168805781535754562e+01
5.968377121130370000e+00
1.006461784205217924e+01
7.052337971960195517e+00
6.981167332886004218e+00
9.191555278249104788e+00
8.723282267623176267e+00
1.363159737427085183e+01
1.118845802106279841e+01
5.408662269550880808e+00
5.233656047057531069e+00
5.969490880547366984e+00
1.173754897923823570e+01
5.376405083853590838e+00
5.914146471042504238e+00
5.489389344545915428e+00
5.667864505191911206e+00
5.702072789228227023e+00
5.472625158941000656e+00
5.690824286029489087e+00
5.974267170565649820e+00
5.799739994869264947e+00
5.376717891860891996e+00
5.766862160647765911e+00
7.421238674725610274e+00
1.042470393146914098e+01
5.452867384514584970e+00
5.589382277458615711e+00
1.124885998645648755e+01
1.128737385728692644e+01
1.307052979387191982e+01
7.495833894357388338e+00
1.305373045663954379e+01
1.072393978651169810e+01
5.678103547868044387e+00
7.504408661828657401e+00
2.310132590877519121e+01
7.420041192335021130e+00
5.640765546118772455e+00
1.949162231438511128e+01
1.626332693083070069e+01
1.553342594316857728e+01
5.432197366847436371e+00
7.183473408449970066e+00
9.045963512882291724e+00
6.743390092502067112e+00
3.767062856862062858e+01
6.884010962944588918e+00
5.713108620710716679e+00
6.775835821911771362e+00
5.184508827281970156e+00
5.822842260556729599e+00
5.742768626737022153e+00
7.177828942938618617e+00
8.153983304732287607e+00
5.827065794096835560e+00
5.802407318878299414e+00
1.121541187797649464e+01
1.198953132615538664e+01
8.267361745623430735e+00
5.904154084717357698e+00
5.376893923042488588e+00
5.276612918342095782e+00
5.535088565957624773e+00
5.645865984563329221e+00
5.668263657521640297e+00
5.759018136910966312e+00
5.679674742945465482e+00
1.866778844995285525e+01
5.549494109481667437e+00
5.963951018412958938e+00
7.387717105933702122e+00
1.218151778895892789e+01
6.095790432194389652e+00
6.067904018545569045e+00
6.170187323126801182e+00
7.430724584032022406e+00
5.995203020348870204e+00
6.084394040302995244e+00
6.112441694053677210e+00
6.105702360602137446e+00
6.750756606002660476e+00
6.173721415442599891e+00
6.868656391511203552e+00
6.742146563661499670e+00
6.185920105144165682e+00
6.207610058934933228e+00
5.969038689889018201e+00
6.384219822312204862e+00
5.910409687862840933e+00
6.984485761768055134e+00
5.891904988712786562e+00
6.829678968444710563e+00
7.998453934873364091e+00
6.085504328929572715e+00
6.758088357256275103e+00
6.314996148967996881e+00
6.268969243500821520e+00
6.900258142658559635e+00
9.818754912072801488e+00
7.298183733291141451e+00
1.310602224551187867e+01
7.683496164640029491e+00
7.662606130341413468e+00
1.861323297349719041e+01
7.770975857422320665e+00
8.477801713577706622e+00
2.220470989492129377e+01
7.670493086038547403e+00
7.715618817823308717e+00
1.071217225351128022e+01
9.094042809082093726e+00
8.475926599728920152e+00
9.399034769439753134e+00
8.436462269856900065e+00
8.638752759732573949e+00
2.087701963037951458e+01
2.439421077590509057e+01
8.549263954985756087e+00
8.232556039806546266e+00
1.040800624194000612e+01
3.387113847551660228e+01
1.365317268919236859e+01
3.897168913419962166e+01
1.461465945404077438e+01
1.818778986842617584e+01
8.412825829534599009e+00
1.213164083636228519e+01
1.980848255383150303e+01
9.502295898071071889e+00
9.274980220341721093e+00
1.277960586974293911e+01
7.631788135326660338e+00
8.268805148503293623e+00
2.159400896024726180e+01
7.502322893606323539e+00
7.520640942049559463e+00
7.550661646097984736e+00
7.808787671186159685e+00
3.360016703411002936e+01
7.407631020232087415e+00
2.666115731336724082e+01
1.406778621411383057e+01
7.666753134551872684e+00
7.718345583928663878e+00
8.592393048868158800e+00
9.698019411068285578e+00
7.624725867464572815e+00
7.266727249758001328e+00
7.908851191399641323e+00
6.555998510471111373e+00
8.641445479191368406e+00
8.260498380513888961e+00
7.318279753488052819e+00
7.346842947200061147e+00
7.861653300720127469e+00
1.174661689787385477e+01
1.021733763041295084e+01
7.057907235788150047e+00
1.182626087956143657e+01
6.245718743784165916e+00
6.195561953912399389e+00
6.539807652071178978e+00
7.006420621942453408e+00
9.710630334462246438e+00
5.817696977227740263e+00
6.519344836841129087e+00
7.717537018813455774e+00
6.715786499927422604e+00
5.775353466784370227e+00
5.515660050083059041e+00
8.098871433976956524e+00
6.330791079501169705e+00
9.581934090550998206e+00
1.691641239222819948e+01
5.778412389983642150e+00
5.750089933320002622e+00
1.307217461196412422e+01
6.563547755202481682e+00
1.502870116886393248e+01
1.591534429636705106e+01
6.033546519904965599e+00
6.723507956218862880e+00
6.182538379526444139e+00
2.037383560446189179e+01
5.859806830925020193e+00
6.203627416753054291e+00
6.529348078329469729e+00
7.006745062013854053e+00
6.017542973238596993e+00
6.089610439704966183e+00
5.861332955202051664e+00
1.141440311365522753e+01
5.620436641462973171e+00
6.007663546137581356e+00
8.919938688347569311e+00
2.639057933518323296e+01
5.688363384312015825e+00
6.198477903295703584e+00
6.082428487107001125e+00
6.089495434098210147e+00
6.165579353712856481e+00
7.520588257730826953e+00
6.287811652099379423e+00
5.590893543734432924e+00
6.400262662865178420e+00
7.713670881010169289e+00
6.676692446340197762e+00
6.168520134369926744e+00
6.329178451678552086e+00
6.971790517980281265e+00
8.750434368176353672e+00
1.170463477934142738e+01
8.842254696451995244e+00
9.812916894749337260e+00
8.885073028827770614e+00
6.126393262750929658e+00
6.277422523618009009e+00
5.885674778753482883e+00
6.103407835992781472e+00
8.987917417846706059e+00
6.387779174027554241e+00
6.521961070415207118e+00
6.269334428892218369e+00
6.231851003351841278e+00
1.530888519419561788e+01
5.985061397102808378e+00
6.060066386261633298e+00
6.988635964528105760e+00
1.166704298057970135e+01
1.145865140750282585e+01
1.010110412328441321e+01
5.083649673049711382e+00
5.739430060034726111e+00
5.680076143466315841e+00
6.458308038019948683e+00
5.458425936508659149e+00
9.254655439336648470e+00
1.043929877511248172e+01
7.621316184641398372e+00
1.029081767442774087e+01
7.404767638759811810e+00
6.423866122506856513e+00
7.910019113834289683e+00
5.308012689466328204e+00
5.412317397955745513e+00
5.159308996105655076e+00
9.032504878352794364e+00
8.958819278115315754e+00
1.375947957021257118e+01
1.428564471063440955e+01
1.381628292409435943e+01
2.098864643708357391e+01
8.133624905258132642e+00
1.040846390492072615e+01
7.522857523428672977e+00
7.903796705006690182e+00
5.649821575404556206e+00
6.633720834556998014e+00
5.336933021811741007e+00
5.601920765025645288e+00
8.726874946337215277e+00
3.964049586392515323e+01
6.223691764840809881e+00
1.399634504558584425e+01
5.989843367515263139e+00
8.183941736024213043e+00
7.422505742386765526e+00
6.330763032938145685e+00
1.235439785522896550e+01
1.223945725095219927e+01
1.326525075962358535e+01
2.783911755124979237e+01
8.719663051732693404e+00
6.208310599716228673e+00
6.345502023203184905e+00
1.006498309235261601e+01
7.835720269096163371e+00
7.880561924760030479e+00
7.810495798901170517e+00
6.076673302135248811e+00
1.020117780938315555e+01
1.684028910123290856e+01
8.756692625884918257e+00
7.383874292597266020e+00
1.211881557481624760e+01
1.568608971802928309e+01
1.053776979184292628e+01
8.266440206396557855e+00
1.361395871357144216e+01
8.576067571982498805e+00
1.253283821433100265e+01
8.235656808815821961e+00
1.269728283768488630e+01
8.102415727303315052e+00
1.633768836741849384e+01
1.111629163220713146e+01
1.047322239113924880e+01
1.028954242611523640e+01
1.078599562380834165e+01
1.890024837131061730e+01
8.306001583375975272e+00
6.442038777840787489e+00
6.222318607251092537e+00
6.621346848576094679e+00
1.648004441225159411e+01
1.092120547596543645e+01
3.526191847141047475e+01
8.372184934066519091e+00
1.728091371848389102e+01
8.972101442429639917e+00
6.066491984292152750e+00
5.997816124097860246e+00
1.066984862881548324e+01
1.583110377332785212e+01
6.705863101633743995e+00
5.903164039592167178e+00
6.057008558172944923e+00
6.057217692548420906e+00
9.473013492482149189e+00
6.538002683566255691e+00
7.946246251182804698e+00
6.780306661244601685e+00
8.008085904368813956e+00
8.439146754794727201e+00
5.869532542651871410e+00
5.922216406956363421e+00
6.520307601393574792e+00
6.217885206618474214e+00
1.741102053865622068e+01
5.955620773969270587e+00
8.054029958370943376e+00
1.762135375562311168e+01
6.505570063451371787e+00
6.072787719052128885e+00
6.050599395629523869e+00
6.046283210222650695e+00
6.907435914350188888e+00
6.170834545651042724e+00
1.066841784458932452e+01
8.715916714947088195e+00
7.426941086835930683e+00
6.260254168532456198e+00
1.511960562931749052e+01
5.834383959668453912e+00
7.487886119283193587e+00
7.560424035767328910e+00
6.418642395018444802e+00
6.890230439685156583e+00
6.288896766953699036e+00
6.670289175189087594e+00
6.987042381979942540e+00
6.493425491055377918e+00
1.241632823077722492e+01
5.826179702305753771e+00
7.275552619481177707e+00
6.371192253949532258e+00
6.544110807731495782e+00
6.575224798598362952e+00
7.228347155777754551e+00
6.566354621531402813e+00
6.100756266744594924e+00
6.390182631238625177e+00
6.182686577697229957e+00
6.321806560587652335e+00
6.310459123476725551e+00
1.238685202587566714e+01
6.862467754802704434e+00
6.442217913605701618e+00
6.505692537929644637e+00
7.463420114424256901e+00
6.359796152369553646e+00
6.036058173438624053e+00
8.879181200029837129e+00
6.083817227541416628e+00
6.174340485011144075e+00
7.001409722275353964e+00
5.742145536150818685e+00
5.806895348608427376e+00
5.976918571115138690e+00
6.291454305257911273e+00
5.650974508959614617e+00
6.137018386677935311e+00
5.638121944716686151e+00
1.082934423487098918e+01
6.245506365818106254e+00
6.333246063495051814e+00
1.391597432839286697e+01
1.351522847522334558e+01
9.484591470557008464e+00
6.531131845842755190e+00
6.502987894121565304e+00
1.265399483718613460e+01
