0.08180199466777756
0.07724321038513467
0.07779766700568531
0.07839210809053074
0.10127383453632921
0.09875919018003451
0.10409151349595512
0.08095810041425139
0.06597045642653089
0.06496475187410845
0.09393624691310364
0.07296709389541425
0.07496373722927042
0.07496509744697014
0.10062895012193936
0.07932885988394128
0.08494914514023526
0.11193710406347163
0.08268599496013433
0.10152034280161357
0.09502523928069172
0.09503274518044144
0.09472324516871054
0.093175684746699
0.09387178532076673
0.09641117987576063
0.09838692671131008
0.09838845490778536
0.09716807986850133
0.09640844827409367
0.09716187551588638
0.0939090553403849
0.09220190900400574
0.09411269132348297
0.12768658577701356
0.0939594503388285
0.09540560080485902
0.09169683050037872
0.09323259521740669
0.09548142877283211
0.09026625035911037
0.08981342136814822
0.09243733773133984
0.09312825696433184
0.0931312569082226
