-2.5359951015273703
-2.5447922906478713
-2.5466773127595532
-2.5487045801883332
1.6990258577049424
1.712328941546364
1.7253684810069276
-0.02060579126190243
-1.3645698538719397
-2.632901668583315
-2.249689089600509
-0.7302521857893134
0.27505037693495704
4.7099751673341
-1.6200843816833366
-1.6120821288835658
0.5015524691971144
1.6518101915974226
-2.070280698865804
-2.0728000613341875
-2.4680271714301676
-2.466377320707957
-0.06111641596459089
-0.0545049944451384
-0.04546400213247498
-0.035279269245862
0.12446081180212704
0.11693048998751004
-2.365378634855036
-2.3701568714656434
-2.374871970238712
1.9684007624016422
1.9771735978556486
1.986946043935473
4.547406878955205
4.530552888006573
4.514480829461366
2.6906669094128266
2.6810032115779445
2.671752238730137
-0.9970822254845533
-0.9997005789562827
-1.0047156308539051
-1.638455176610331
-1.6405997996399122
