4.712872517659631
5.539780386318262
4.453738186936386
4.152667258257549
5.523827402825278
4.557680160169693
5.445021746577165
-4.414834646750088
3.2982432451178423
4.592207399057644
4.967781391477202
-0.7591848018767539
2.404573179074778
0.471265728057884
6.825101153181448
5.698456886203467
2.406067879227047
3.349345649306968
-2.4500956241045446
-2.08088147199431
-1.439258017412634
-2.3299368162007523
-6.993260911521876
-6.424947418212284
-7.57838834690571
-6.4739788985081805
4.028842487053433
4.558971566340268
-2.213132094850938
-3.4874861228925185
-3.6591753757145287
0.19617244980248838
0.18143047688471584
-0.03418660736880451
-6.981653838255025
-6.334810477740941
-6.317476222183733
-3.832999757482153
-2.9451623905937474
-3.1399118464679927
4.0387015352299285
4.416200284204138
3.622715654521962
-3.1807142367806693
-3.39883200442779
